 792 1215 8
 400 688 696 679 1 3 71 70
 688 695 697 696 3 4 72 71
 695 168 181 697 4 2 28 72
 161 352 698 335 5 30 73 6
 352 359 699 698 30 31 74 73
 359 339 413 699 31 29 32 74
 181 188 700 697 28 27 75 72
 188 195 701 700 27 26 76 75
 195 202 702 701 26 25 77 76
 202 209 703 702 25 24 78 77
 209 216 704 703 24 23 79 78
 216 223 705 704 23 22 80 79
 223 230 706 705 22 21 81 80
 230 237 707 706 21 20 82 81
 237 244 708 707 20 19 83 82
 244 251 709 708 19 18 84 83
 251 258 710 709 18 17 85 84
 258 265 711 710 17 16 86 85
 265 272 712 711 16 15 87 86
 272 279 713 712 15 14 88 87
 279 286 714 713 14 13 89 88
 286 293 715 714 13 12 90 89
 293 300 716 715 12 11 91 90
 300 307 717 716 11 10 92 91
 307 314 758 717 10 9 133 92
 314 321 760 758 9 8 135 133
 328 335 698 720 7 6 73 95
 413 420 721 699 32 33 96 74
 420 427 722 721 33 34 97 96
 427 434 719 722 34 35 94 97
 434 441 718 719 35 36 93 94
 441 448 723 718 36 37 98 93
 448 455 724 723 37 38 99 98
 455 462 725 724 38 39 100 99
 462 469 726 725 39 40 101 100
 469 476 727 726 40 41 102 101
 476 483 728 727 41 42 103 102
 483 490 729 728 42 43 104 103
 490 497 730 729 43 44 105 104
 497 504 731 730 44 45 106 105
 504 511 732 731 45 46 107 106
 511 518 733 732 46 47 108 107
 518 525 734 733 47 48 109 108
 525 532 735 734 48 49 110 109
 532 539 736 735 49 50 111 110
 539 546 737 736 50 51 112 111
 546 553 738 737 51 52 113 112
 553 560 739 738 52 53 114 113
 560 567 740 739 53 54 115 114
 567 574 741 740 54 55 116 115
 574 581 742 741 55 56 117 116
 581 588 743 742 56 57 118 117
 588 595 744 743 57 58 119 118
 595 602 745 744 58 59 120 119
 602 609 746 745 59 60 121 120
 609 616 747 746 60 61 122 121
 616 623 748 747 61 62 123 122
 623 630 749 748 62 63 124 123
 630 637 750 749 63 64 125 124
 637 644 751 750 64 65 126 125
 644 651 752 751 65 66 127 126
 651 658 753 752 66 67 128 127
 658 665 754 753 67 68 129 128
 665 672 755 754 68 69 130 129
 672 679 696 755 69 70 71 130
 699 721 720 698 74 96 95 73
 697 700 755 696 72 75 130 71
 755 700 753 754 130 75 128 129
 700 701 752 753 75 76 127 128
 752 701 702 751 127 76 77 126
 751 702 703 750 126 77 78 125
 750 703 748 749 125 78 123 124
 703 704 747 748 78 79 122 123
 747 704 705 746 122 79 80 121
 746 705 706 745 121 80 81 120
 745 706 743 744 120 81 118 119
 706 707 742 743 81 82 117 118
 742 707 708 741 117 82 83 116
 741 708 709 740 116 83 84 115
 740 709 738 739 115 84 113 114
 709 710 737 738 84 85 112 113
 737 710 711 736 112 85 86 111
 736 711 712 735 111 86 87 110
 735 712 733 734 110 87 108 109
 712 713 732 733 87 88 107 108
 732 713 714 731 107 88 89 106
 731 714 715 730 106 89 90 105
 730 715 728 729 105 90 103 104
 715 716 727 728 90 91 102 103
 727 716 717 726 102 91 92 101
 321 328 720 760 8 7 95 135
 724 725 756 723 99 100 131 98
 726 717 756 725 101 92 131 100
 723 756 757 718 98 131 132 93
 756 717 758 757 131 92 133 132
 757 758 760 759 132 133 135 134
 718 757 759 719 93 132 134 94
 719 759 721 722 94 134 96 97
 759 760 720 721 134 135 95 96
 401 687 761 678 400 688 696 679
 687 694 762 761 688 695 697 696
 694 169 180 762 695 168 181 697
 162 351 763 334 161 352 698 335
 351 358 764 763 352 359 699 698
 358 340 412 764 359 339 413 699
 180 187 765 762 181 188 700 697
 187 194 766 765 188 195 701 700
 194 201 767 766 195 202 702 701
 201 208 768 767 202 209 703 702
 208 215 769 768 209 216 704 703
 215 222 770 769 216 223 705 704
 222 229 771 770 223 230 706 705
 229 236 772 771 230 237 707 706
 236 243 773 772 237 244 708 707
 243 250 774 773 244 251 709 708
 250 257 775 774 251 258 710 709
 257 264 776 775 258 265 711 710
 264 271 777 776 265 272 712 711
 271 278 778 777 272 279 713 712
 278 285 779 778 279 286 714 713
 285 292 780 779 286 293 715 714
 292 299 781 780 293 300 716 715
 299 306 782 781 300 307 717 716
 306 313 823 782 307 314 758 717
 313 320 825 823 314 321 760 758
 327 334 763 785 328 335 698 720
 412 419 786 764 413 420 721 699
 419 426 787 786 420 427 722 721
 426 433 784 787 427 434 719 722
 433 440 783 784 434 441 718 719
 440 447 788 783 441 448 723 718
 447 454 789 788 448 455 724 723
 454 461 790 789 455 462 725 724
 461 468 791 790 462 469 726 725
 468 475 792 791 469 476 727 726
 475 482 793 792 476 483 728 727
 482 489 794 793 483 490 729 728
 489 496 795 794 490 497 730 729
 496 503 796 795 497 504 731 730
 503 510 797 796 504 511 732 731
 510 517 798 797 511 518 733 732
 517 524 799 798 518 525 734 733
 524 531 800 799 525 532 735 734
 531 538 801 800 532 539 736 735
 538 545 802 801 539 546 737 736
 545 552 803 802 546 553 738 737
 552 559 804 803 553 560 739 738
 559 566 805 804 560 567 740 739
 566 573 806 805 567 574 741 740
 573 580 807 806 574 581 742 741
 580 587 808 807 581 588 743 742
 587 594 809 808 588 595 744 743
 594 601 810 809 595 602 745 744
 601 608 811 810 602 609 746 745
 608 615 812 811 609 616 747 746
 615 622 813 812 616 623 748 747
 622 629 814 813 623 630 749 748
 629 636 815 814 630 637 750 749
 636 643 816 815 637 644 751 750
 643 650 817 816 644 651 752 751
 650 657 818 817 651 658 753 752
 657 664 819 818 658 665 754 753
 664 671 820 819 665 672 755 754
 671 678 761 820 672 679 696 755
 764 786 785 763 699 721 720 698
 762 765 820 761 697 700 755 696
 820 765 818 819 755 700 753 754
 765 766 817 818 700 701 752 753
 817 766 767 816 752 701 702 751
 816 767 768 815 751 702 703 750
 815 768 813 814 750 703 748 749
 768 769 812 813 703 704 747 748
 812 769 770 811 747 704 705 746
 811 770 771 810 746 705 706 745
 810 771 808 809 745 706 743 744
 771 772 807 808 706 707 742 743
 807 772 773 806 742 707 708 741
 806 773 774 805 741 708 709 740
 805 774 803 804 740 709 738 739
 774 775 802 803 709 710 737 738
 802 775 776 801 737 710 711 736
 801 776 777 800 736 711 712 735
 800 777 798 799 735 712 733 734
 777 778 797 798 712 713 732 733
 797 778 779 796 732 713 714 731
 796 779 780 795 731 714 715 730
 795 780 793 794 730 715 728 729
 780 781 792 793 715 716 727 728
 792 781 782 791 727 716 717 726
 320 327 785 825 321 328 720 760
 789 790 821 788 724 725 756 723
 791 782 821 790 726 717 756 725
 788 821 822 783 723 756 757 718
 821 782 823 822 756 717 758 757
 822 823 825 824 757 758 760 759
 783 822 824 784 718 757 759 719
 784 824 786 787 719 759 721 722
 824 825 785 786 759 760 720 721
 402 686 826 677 401 687 761 678
 686 693 827 826 687 694 762 761
 693 170 179 827 694 169 180 762
 163 350 828 333 162 351 763 334
 350 357 829 828 351 358 764 763
 357 341 411 829 358 340 412 764
 179 186 830 827 180 187 765 762
 186 193 831 830 187 194 766 765
 193 200 832 831 194 201 767 766
 200 207 833 832 201 208 768 767
 207 214 834 833 208 215 769 768
 214 221 835 834 215 222 770 769
 221 228 836 835 222 229 771 770
 228 235 837 836 229 236 772 771
 235 242 838 837 236 243 773 772
 242 249 839 838 243 250 774 773
 249 256 840 839 250 257 775 774
 256 263 841 840 257 264 776 775
 263 270 842 841 264 271 777 776
 270 277 843 842 271 278 778 777
 277 284 844 843 278 285 779 778
 284 291 845 844 285 292 780 779
 291 298 846 845 292 299 781 780
 298 305 847 846 299 306 782 781
 305 312 888 847 306 313 823 782
 312 319 890 888 313 320 825 823
 326 333 828 850 327 334 763 785
 411 418 851 829 412 419 786 764
 418 425 852 851 419 426 787 786
 425 432 849 852 426 433 784 787
 432 439 848 849 433 440 783 784
 439 446 853 848 440 447 788 783
 446 453 854 853 447 454 789 788
 453 460 855 854 454 461 790 789
 460 467 856 855 461 468 791 790
 467 474 857 856 468 475 792 791
 474 481 858 857 475 482 793 792
 481 488 859 858 482 489 794 793
 488 495 860 859 489 496 795 794
 495 502 861 860 496 503 796 795
 502 509 862 861 503 510 797 796
 509 516 863 862 510 517 798 797
 516 523 864 863 517 524 799 798
 523 530 865 864 524 531 800 799
 530 537 866 865 531 538 801 800
 537 544 867 866 538 545 802 801
 544 551 868 867 545 552 803 802
 551 558 869 868 552 559 804 803
 558 565 870 869 559 566 805 804
 565 572 871 870 566 573 806 805
 572 579 872 871 573 580 807 806
 579 586 873 872 580 587 808 807
 586 593 874 873 587 594 809 808
 593 600 875 874 594 601 810 809
 600 607 876 875 601 608 811 810
 607 614 877 876 608 615 812 811
 614 621 878 877 615 622 813 812
 621 628 879 878 622 629 814 813
 628 635 880 879 629 636 815 814
 635 642 881 880 636 643 816 815
 642 649 882 881 643 650 817 816
 649 656 883 882 650 657 818 817
 656 663 884 883 657 664 819 818
 663 670 885 884 664 671 820 819
 670 677 826 885 671 678 761 820
 829 851 850 828 764 786 785 763
 827 830 885 826 762 765 820 761
 885 830 883 884 820 765 818 819
 830 831 882 883 765 766 817 818
 882 831 832 881 817 766 767 816
 881 832 833 880 816 767 768 815
 880 833 878 879 815 768 813 814
 833 834 877 878 768 769 812 813
 877 834 835 876 812 769 770 811
 876 835 836 875 811 770 771 810
 875 836 873 874 810 771 808 809
 836 837 872 873 771 772 807 808
 872 837 838 871 807 772 773 806
 871 838 839 870 806 773 774 805
 870 839 868 869 805 774 803 804
 839 840 867 868 774 775 802 803
 867 840 841 866 802 775 776 801
 866 841 842 865 801 776 777 800
 865 842 863 864 800 777 798 799
 842 843 862 863 777 778 797 798
 862 843 844 861 797 778 779 796
 861 844 845 860 796 779 780 795
 860 845 858 859 795 780 793 794
 845 846 857 858 780 781 792 793
 857 846 847 856 792 781 782 791
 319 326 850 890 320 327 785 825
 854 855 886 853 789 790 821 788
 856 847 886 855 791 782 821 790
 853 886 887 848 788 821 822 783
 886 847 888 887 821 782 823 822
 887 888 890 889 822 823 825 824
 848 887 889 849 783 822 824 784
 849 889 851 852 784 824 786 787
 889 890 850 851 824 825 785 786
 403 685 891 676 402 686 826 677
 685 692 892 891 686 693 827 826
 692 171 178 892 693 170 179 827
 164 349 893 332 163 350 828 333
 349 356 894 893 350 357 829 828
 356 342 410 894 357 341 411 829
 178 185 895 892 179 186 830 827
 185 192 896 895 186 193 831 830
 192 199 897 896 193 200 832 831
 199 206 898 897 200 207 833 832
 206 213 899 898 207 214 834 833
 213 220 900 899 214 221 835 834
 220 227 901 900 221 228 836 835
 227 234 902 901 228 235 837 836
 234 241 903 902 235 242 838 837
 241 248 904 903 242 249 839 838
 248 255 905 904 249 256 840 839
 255 262 906 905 256 263 841 840
 262 269 907 906 263 270 842 841
 269 276 908 907 270 277 843 842
 276 283 909 908 277 284 844 843
 283 290 910 909 284 291 845 844
 290 297 911 910 291 298 846 845
 297 304 912 911 298 305 847 846
 304 311 953 912 305 312 888 847
 311 318 955 953 312 319 890 888
 325 332 893 915 326 333 828 850
 410 417 916 894 411 418 851 829
 417 424 917 916 418 425 852 851
 424 431 914 917 425 432 849 852
 431 438 913 914 432 439 848 849
 438 445 918 913 439 446 853 848
 445 452 919 918 446 453 854 853
 452 459 920 919 453 460 855 854
 459 466 921 920 460 467 856 855
 466 473 922 921 467 474 857 856
 473 480 923 922 474 481 858 857
 480 487 924 923 481 488 859 858
 487 494 925 924 488 495 860 859
 494 501 926 925 495 502 861 860
 501 508 927 926 502 509 862 861
 508 515 928 927 509 516 863 862
 515 522 929 928 516 523 864 863
 522 529 930 929 523 530 865 864
 529 536 931 930 530 537 866 865
 536 543 932 931 537 544 867 866
 543 550 933 932 544 551 868 867
 550 557 934 933 551 558 869 868
 557 564 935 934 558 565 870 869
 564 571 936 935 565 572 871 870
 571 578 937 936 572 579 872 871
 578 585 938 937 579 586 873 872
 585 592 939 938 586 593 874 873
 592 599 940 939 593 600 875 874
 599 606 941 940 600 607 876 875
 606 613 942 941 607 614 877 876
 613 620 943 942 614 621 878 877
 620 627 944 943 621 628 879 878
 627 634 945 944 628 635 880 879
 634 641 946 945 635 642 881 880
 641 648 947 946 642 649 882 881
 648 655 948 947 649 656 883 882
 655 662 949 948 656 663 884 883
 662 669 950 949 663 670 885 884
 669 676 891 950 670 677 826 885
 894 916 915 893 829 851 850 828
 892 895 950 891 827 830 885 826
 950 895 948 949 885 830 883 884
 895 896 947 948 830 831 882 883
 947 896 897 946 882 831 832 881
 946 897 898 945 881 832 833 880
 945 898 943 944 880 833 878 879
 898 899 942 943 833 834 877 878
 942 899 900 941 877 834 835 876
 941 900 901 940 876 835 836 875
 940 901 938 939 875 836 873 874
 901 902 937 938 836 837 872 873
 937 902 903 936 872 837 838 871
 936 903 904 935 871 838 839 870
 935 904 933 934 870 839 868 869
 904 905 932 933 839 840 867 868
 932 905 906 931 867 840 841 866
 931 906 907 930 866 841 842 865
 930 907 928 929 865 842 863 864
 907 908 927 928 842 843 862 863
 927 908 909 926 862 843 844 861
 926 909 910 925 861 844 845 860
 925 910 923 924 860 845 858 859
 910 911 922 923 845 846 857 858
 922 911 912 921 857 846 847 856
 318 325 915 955 319 326 850 890
 919 920 951 918 854 855 886 853
 921 912 951 920 856 847 886 855
 918 951 952 913 853 886 887 848
 951 912 953 952 886 847 888 887
 952 953 955 954 887 888 890 889
 913 952 954 914 848 887 889 849
 914 954 916 917 849 889 851 852
 954 955 915 916 889 890 850 851
 404 684 956 675 403 685 891 676
 684 691 957 956 685 692 892 891
 691 172 177 957 692 171 178 892
 165 348 958 331 164 349 893 332
 348 355 959 958 349 356 894 893
 355 343 409 959 356 342 410 894
 177 184 960 957 178 185 895 892
 184 191 961 960 185 192 896 895
 191 198 962 961 192 199 897 896
 198 205 963 962 199 206 898 897
 205 212 964 963 206 213 899 898
 212 219 965 964 213 220 900 899
 219 226 966 965 220 227 901 900
 226 233 967 966 227 234 902 901
 233 240 968 967 234 241 903 902
 240 247 969 968 241 248 904 903
 247 254 970 969 248 255 905 904
 254 261 971 970 255 262 906 905
 261 268 972 971 262 269 907 906
 268 275 973 972 269 276 908 907
 275 282 974 973 276 283 909 908
 282 289 975 974 283 290 910 909
 289 296 976 975 290 297 911 910
 296 303 977 976 297 304 912 911
 303 310 1018 977 304 311 953 912
 310 317 1020 1018 311 318 955 953
 324 331 958 980 325 332 893 915
 409 416 981 959 410 417 916 894
 416 423 982 981 417 424 917 916
 423 430 979 982 424 431 914 917
 430 437 978 979 431 438 913 914
 437 444 983 978 438 445 918 913
 444 451 984 983 445 452 919 918
 451 458 985 984 452 459 920 919
 458 465 986 985 459 466 921 920
 465 472 987 986 466 473 922 921
 472 479 988 987 473 480 923 922
 479 486 989 988 480 487 924 923
 486 493 990 989 487 494 925 924
 493 500 991 990 494 501 926 925
 500 507 992 991 501 508 927 926
 507 514 993 992 508 515 928 927
 514 521 994 993 515 522 929 928
 521 528 995 994 522 529 930 929
 528 535 996 995 529 536 931 930
 535 542 997 996 536 543 932 931
 542 549 998 997 543 550 933 932
 549 556 999 998 550 557 934 933
 556 563 1000 999 557 564 935 934
 563 570 1001 1000 564 571 936 935
 570 577 1002 1001 571 578 937 936
 577 584 1003 1002 578 585 938 937
 584 591 1004 1003 585 592 939 938
 591 598 1005 1004 592 599 940 939
 598 605 1006 1005 599 606 941 940
 605 612 1007 1006 606 613 942 941
 612 619 1008 1007 613 620 943 942
 619 626 1009 1008 620 627 944 943
 626 633 1010 1009 627 634 945 944
 633 640 1011 1010 634 641 946 945
 640 647 1012 1011 641 648 947 946
 647 654 1013 1012 648 655 948 947
 654 661 1014 1013 655 662 949 948
 661 668 1015 1014 662 669 950 949
 668 675 956 1015 669 676 891 950
 959 981 980 958 894 916 915 893
 957 960 1015 956 892 895 950 891
 1015 960 1013 1014 950 895 948 949
 960 961 1012 1013 895 896 947 948
 1012 961 962 1011 947 896 897 946
 1011 962 963 1010 946 897 898 945
 1010 963 1008 1009 945 898 943 944
 963 964 1007 1008 898 899 942 943
 1007 964 965 1006 942 899 900 941
 1006 965 966 1005 941 900 901 940
 1005 966 1003 1004 940 901 938 939
 966 967 1002 1003 901 902 937 938
 1002 967 968 1001 937 902 903 936
 1001 968 969 1000 936 903 904 935
 1000 969 998 999 935 904 933 934
 969 970 997 998 904 905 932 933
 997 970 971 996 932 905 906 931
 996 971 972 995 931 906 907 930
 995 972 993 994 930 907 928 929
 972 973 992 993 907 908 927 928
 992 973 974 991 927 908 909 926
 991 974 975 990 926 909 910 925
 990 975 988 989 925 910 923 924
 975 976 987 988 910 911 922 923
 987 976 977 986 922 911 912 921
 317 324 980 1020 318 325 915 955
 984 985 1016 983 919 920 951 918
 986 977 1016 985 921 912 951 920
 983 1016 1017 978 918 951 952 913
 1016 977 1018 1017 951 912 953 952
 1017 1018 1020 1019 952 953 955 954
 978 1017 1019 979 913 952 954 914
 979 1019 981 982 914 954 916 917
 1019 1020 980 981 954 955 915 916
 405 683 1021 674 404 684 956 675
 683 690 1022 1021 684 691 957 956
 690 173 176 1022 691 172 177 957
 166 347 1023 330 165 348 958 331
 347 354 1024 1023 348 355 959 958
 354 344 408 1024 355 343 409 959
 176 183 1025 1022 177 184 960 957
 183 190 1026 1025 184 191 961 960
 190 197 1027 1026 191 198 962 961
 197 204 1028 1027 198 205 963 962
 204 211 1029 1028 205 212 964 963
 211 218 1030 1029 212 219 965 964
 218 225 1031 1030 219 226 966 965
 225 232 1032 1031 226 233 967 966
 232 239 1033 1032 233 240 968 967
 239 246 1034 1033 240 247 969 968
 246 253 1035 1034 247 254 970 969
 253 260 1036 1035 254 261 971 970
 260 267 1037 1036 261 268 972 971
 267 274 1038 1037 268 275 973 972
 274 281 1039 1038 275 282 974 973
 281 288 1040 1039 282 289 975 974
 288 295 1041 1040 289 296 976 975
 295 302 1042 1041 296 303 977 976
 302 309 1083 1042 303 310 1018 977
 309 316 1085 1083 310 317 1020 1018
 323 330 1023 1045 324 331 958 980
 408 415 1046 1024 409 416 981 959
 415 422 1047 1046 416 423 982 981
 422 429 1044 1047 423 430 979 982
 429 436 1043 1044 430 437 978 979
 436 443 1048 1043 437 444 983 978
 443 450 1049 1048 444 451 984 983
 450 457 1050 1049 451 458 985 984
 457 464 1051 1050 458 465 986 985
 464 471 1052 1051 465 472 987 986
 471 478 1053 1052 472 479 988 987
 478 485 1054 1053 479 486 989 988
 485 492 1055 1054 486 493 990 989
 492 499 1056 1055 493 500 991 990
 499 506 1057 1056 500 507 992 991
 506 513 1058 1057 507 514 993 992
 513 520 1059 1058 514 521 994 993
 520 527 1060 1059 521 528 995 994
 527 534 1061 1060 528 535 996 995
 534 541 1062 1061 535 542 997 996
 541 548 1063 1062 542 549 998 997
 548 555 1064 1063 549 556 999 998
 555 562 1065 1064 556 563 1000 999
 562 569 1066 1065 563 570 1001 1000
 569 576 1067 1066 570 577 1002 1001
 576 583 1068 1067 577 584 1003 1002
 583 590 1069 1068 584 591 1004 1003
 590 597 1070 1069 591 598 1005 1004
 597 604 1071 1070 598 605 1006 1005
 604 611 1072 1071 605 612 1007 1006
 611 618 1073 1072 612 619 1008 1007
 618 625 1074 1073 619 626 1009 1008
 625 632 1075 1074 626 633 1010 1009
 632 639 1076 1075 633 640 1011 1010
 639 646 1077 1076 640 647 1012 1011
 646 653 1078 1077 647 654 1013 1012
 653 660 1079 1078 654 661 1014 1013
 660 667 1080 1079 661 668 1015 1014
 667 674 1021 1080 668 675 956 1015
 1024 1046 1045 1023 959 981 980 958
 1022 1025 1080 1021 957 960 1015 956
 1080 1025 1078 1079 1015 960 1013 1014
 1025 1026 1077 1078 960 961 1012 1013
 1077 1026 1027 1076 1012 961 962 1011
 1076 1027 1028 1075 1011 962 963 1010
 1075 1028 1073 1074 1010 963 1008 1009
 1028 1029 1072 1073 963 964 1007 1008
 1072 1029 1030 1071 1007 964 965 1006
 1071 1030 1031 1070 1006 965 966 1005
 1070 1031 1068 1069 1005 966 1003 1004
 1031 1032 1067 1068 966 967 1002 1003
 1067 1032 1033 1066 1002 967 968 1001
 1066 1033 1034 1065 1001 968 969 1000
 1065 1034 1063 1064 1000 969 998 999
 1034 1035 1062 1063 969 970 997 998
 1062 1035 1036 1061 997 970 971 996
 1061 1036 1037 1060 996 971 972 995
 1060 1037 1058 1059 995 972 993 994
 1037 1038 1057 1058 972 973 992 993
 1057 1038 1039 1056 992 973 974 991
 1056 1039 1040 1055 991 974 975 990
 1055 1040 1053 1054 990 975 988 989
 1040 1041 1052 1053 975 976 987 988
 1052 1041 1042 1051 987 976 977 986
 316 323 1045 1085 317 324 980 1020
 1049 1050 1081 1048 984 985 1016 983
 1051 1042 1081 1050 986 977 1016 985
 1048 1081 1082 1043 983 1016 1017 978
 1081 1042 1083 1082 1016 977 1018 1017
 1082 1083 1085 1084 1017 1018 1020 1019
 1043 1082 1084 1044 978 1017 1019 979
 1044 1084 1046 1047 979 1019 981 982
 1084 1085 1045 1046 1019 1020 980 981
 406 682 1086 673 405 683 1021 674
 682 689 1087 1086 683 690 1022 1021
 689 174 175 1087 690 173 176 1022
 167 346 1088 329 166 347 1023 330
 346 353 1089 1088 347 354 1024 1023
 353 345 407 1089 354 344 408 1024
 175 182 1090 1087 176 183 1025 1022
 182 189 1091 1090 183 190 1026 1025
 189 196 1092 1091 190 197 1027 1026
 196 203 1093 1092 197 204 1028 1027
 203 210 1094 1093 204 211 1029 1028
 210 217 1095 1094 211 218 1030 1029
 217 224 1096 1095 218 225 1031 1030
 224 231 1097 1096 225 232 1032 1031
 231 238 1098 1097 232 239 1033 1032
 238 245 1099 1098 239 246 1034 1033
 245 252 1100 1099 246 253 1035 1034
 252 259 1101 1100 253 260 1036 1035
 259 266 1102 1101 260 267 1037 1036
 266 273 1103 1102 267 274 1038 1037
 273 280 1104 1103 274 281 1039 1038
 280 287 1105 1104 281 288 1040 1039
 287 294 1106 1105 288 295 1041 1040
 294 301 1107 1106 295 302 1042 1041
 301 308 1148 1107 302 309 1083 1042
 308 315 1150 1148 309 316 1085 1083
 322 329 1088 1110 323 330 1023 1045
 407 414 1111 1089 408 415 1046 1024
 414 421 1112 1111 415 422 1047 1046
 421 428 1109 1112 422 429 1044 1047
 428 435 1108 1109 429 436 1043 1044
 435 442 1113 1108 436 443 1048 1043
 442 449 1114 1113 443 450 1049 1048
 449 456 1115 1114 450 457 1050 1049
 456 463 1116 1115 457 464 1051 1050
 463 470 1117 1116 464 471 1052 1051
 470 477 1118 1117 471 478 1053 1052
 477 484 1119 1118 478 485 1054 1053
 484 491 1120 1119 485 492 1055 1054
 491 498 1121 1120 492 499 1056 1055
 498 505 1122 1121 499 506 1057 1056
 505 512 1123 1122 506 513 1058 1057
 512 519 1124 1123 513 520 1059 1058
 519 526 1125 1124 520 527 1060 1059
 526 533 1126 1125 527 534 1061 1060
 533 540 1127 1126 534 541 1062 1061
 540 547 1128 1127 541 548 1063 1062
 547 554 1129 1128 548 555 1064 1063
 554 561 1130 1129 555 562 1065 1064
 561 568 1131 1130 562 569 1066 1065
 568 575 1132 1131 569 576 1067 1066
 575 582 1133 1132 576 583 1068 1067
 582 589 1134 1133 583 590 1069 1068
 589 596 1135 1134 590 597 1070 1069
 596 603 1136 1135 597 604 1071 1070
 603 610 1137 1136 604 611 1072 1071
 610 617 1138 1137 611 618 1073 1072
 617 624 1139 1138 618 625 1074 1073
 624 631 1140 1139 625 632 1075 1074
 631 638 1141 1140 632 639 1076 1075
 638 645 1142 1141 639 646 1077 1076
 645 652 1143 1142 646 653 1078 1077
 652 659 1144 1143 653 660 1079 1078
 659 666 1145 1144 660 667 1080 1079
 666 673 1086 1145 667 674 1021 1080
 1089 1111 1110 1088 1024 1046 1045 1023
 1087 1090 1145 1086 1022 1025 1080 1021
 1145 1090 1143 1144 1080 1025 1078 1079
 1090 1091 1142 1143 1025 1026 1077 1078
 1142 1091 1092 1141 1077 1026 1027 1076
 1141 1092 1093 1140 1076 1027 1028 1075
 1140 1093 1138 1139 1075 1028 1073 1074
 1093 1094 1137 1138 1028 1029 1072 1073
 1137 1094 1095 1136 1072 1029 1030 1071
 1136 1095 1096 1135 1071 1030 1031 1070
 1135 1096 1133 1134 1070 1031 1068 1069
 1096 1097 1132 1133 1031 1032 1067 1068
 1132 1097 1098 1131 1067 1032 1033 1066
 1131 1098 1099 1130 1066 1033 1034 1065
 1130 1099 1128 1129 1065 1034 1063 1064
 1099 1100 1127 1128 1034 1035 1062 1063
 1127 1100 1101 1126 1062 1035 1036 1061
 1126 1101 1102 1125 1061 1036 1037 1060
 1125 1102 1123 1124 1060 1037 1058 1059
 1102 1103 1122 1123 1037 1038 1057 1058
 1122 1103 1104 1121 1057 1038 1039 1056
 1121 1104 1105 1120 1056 1039 1040 1055
 1120 1105 1118 1119 1055 1040 1053 1054
 1105 1106 1117 1118 1040 1041 1052 1053
 1117 1106 1107 1116 1052 1041 1042 1051
 315 322 1110 1150 316 323 1045 1085
 1114 1115 1146 1113 1049 1050 1081 1048
 1116 1107 1146 1115 1051 1042 1081 1050
 1113 1146 1147 1108 1048 1081 1082 1043
 1146 1107 1148 1147 1081 1042 1083 1082
 1147 1148 1150 1149 1082 1083 1085 1084
 1108 1147 1149 1109 1043 1082 1084 1044
 1109 1149 1111 1112 1044 1084 1046 1047
 1149 1150 1110 1111 1084 1085 1045 1046
 360 680 1151 399 406 682 1086 673
 680 681 1152 1151 682 689 1087 1086
 681 136 138 1152 689 174 175 1087
 137 337 1153 160 167 346 1088 329
 337 338 1154 1153 346 353 1089 1088
 338 336 361 1154 353 345 407 1089
 138 139 1155 1152 175 182 1090 1087
 139 140 1156 1155 182 189 1091 1090
 140 141 1157 1156 189 196 1092 1091
 141 142 1158 1157 196 203 1093 1092
 142 143 1159 1158 203 210 1094 1093
 143 144 1160 1159 210 217 1095 1094
 144 145 1161 1160 217 224 1096 1095
 145 146 1162 1161 224 231 1097 1096
 146 147 1163 1162 231 238 1098 1097
 147 148 1164 1163 238 245 1099 1098
 148 149 1165 1164 245 252 1100 1099
 149 150 1166 1165 252 259 1101 1100
 150 151 1167 1166 259 266 1102 1101
 151 152 1168 1167 266 273 1103 1102
 152 153 1169 1168 273 280 1104 1103
 153 154 1170 1169 280 287 1105 1104
 154 155 1171 1170 287 294 1106 1105
 155 156 1172 1171 294 301 1107 1106
 156 157 1213 1172 301 308 1148 1107
 157 158 1215 1213 308 315 1150 1148
 159 160 1153 1175 322 329 1088 1110
 361 362 1176 1154 407 414 1111 1089
 362 363 1177 1176 414 421 1112 1111
 363 364 1174 1177 421 428 1109 1112
 364 365 1173 1174 428 435 1108 1109
 365 366 1178 1173 435 442 1113 1108
 366 367 1179 1178 442 449 1114 1113
 367 368 1180 1179 449 456 1115 1114
 368 369 1181 1180 456 463 1116 1115
 369 370 1182 1181 463 470 1117 1116
 370 371 1183 1182 470 477 1118 1117
 371 372 1184 1183 477 484 1119 1118
 372 373 1185 1184 484 491 1120 1119
 373 374 1186 1185 491 498 1121 1120
 374 375 1187 1186 498 505 1122 1121
 375 376 1188 1187 505 512 1123 1122
 376 377 1189 1188 512 519 1124 1123
 377 378 1190 1189 519 526 1125 1124
 378 379 1191 1190 526 533 1126 1125
 379 380 1192 1191 533 540 1127 1126
 380 381 1193 1192 540 547 1128 1127
 381 382 1194 1193 547 554 1129 1128
 382 383 1195 1194 554 561 1130 1129
 383 384 1196 1195 561 568 1131 1130
 384 385 1197 1196 568 575 1132 1131
 385 386 1198 1197 575 582 1133 1132
 386 387 1199 1198 582 589 1134 1133
 387 388 1200 1199 589 596 1135 1134
 388 389 1201 1200 596 603 1136 1135
 389 390 1202 1201 603 610 1137 1136
 390 391 1203 1202 610 617 1138 1137
 391 392 1204 1203 617 624 1139 1138
 392 393 1205 1204 624 631 1140 1139
 393 394 1206 1205 631 638 1141 1140
 394 395 1207 1206 638 645 1142 1141
 395 396 1208 1207 645 652 1143 1142
 396 397 1209 1208 652 659 1144 1143
 397 398 1210 1209 659 666 1145 1144
 398 399 1151 1210 666 673 1086 1145
 1154 1176 1175 1153 1089 1111 1110 1088
 1152 1155 1210 1151 1087 1090 1145 1086
 1210 1155 1208 1209 1145 1090 1143 1144
 1155 1156 1207 1208 1090 1091 1142 1143
 1207 1156 1157 1206 1142 1091 1092 1141
 1206 1157 1158 1205 1141 1092 1093 1140
 1205 1158 1203 1204 1140 1093 1138 1139
 1158 1159 1202 1203 1093 1094 1137 1138
 1202 1159 1160 1201 1137 1094 1095 1136
 1201 1160 1161 1200 1136 1095 1096 1135
 1200 1161 1198 1199 1135 1096 1133 1134
 1161 1162 1197 1198 1096 1097 1132 1133
 1197 1162 1163 1196 1132 1097 1098 1131
 1196 1163 1164 1195 1131 1098 1099 1130
 1195 1164 1193 1194 1130 1099 1128 1129
 1164 1165 1192 1193 1099 1100 1127 1128
 1192 1165 1166 1191 1127 1100 1101 1126
 1191 1166 1167 1190 1126 1101 1102 1125
 1190 1167 1188 1189 1125 1102 1123 1124
 1167 1168 1187 1188 1102 1103 1122 1123
 1187 1168 1169 1186 1122 1103 1104 1121
 1186 1169 1170 1185 1121 1104 1105 1120
 1185 1170 1183 1184 1120 1105 1118 1119
 1170 1171 1182 1183 1105 1106 1117 1118
 1182 1171 1172 1181 1117 1106 1107 1116
 158 159 1175 1215 315 322 1110 1150
 1179 1180 1211 1178 1114 1115 1146 1113
 1181 1172 1211 1180 1116 1107 1146 1115
 1178 1211 1212 1173 1113 1146 1147 1108
 1211 1172 1213 1212 1146 1107 1148 1147
 1212 1213 1215 1214 1147 1148 1150 1149
 1173 1212 1214 1174 1108 1147 1149 1109
 1174 1214 1176 1177 1109 1149 1111 1112
 1214 1215 1175 1176 1149 1150 1110 1111
 1
 1
 1
 1
 1
 1
 1
 1
 1
 1
 1
 1
 1
 1
 1
 1
 1
 1
 1
 1
 1
 1
 1
 1
 1
 1
 1
 1
 1
 1
 1
 1
 1
 1
 1
 1
 1
 1
 1
 1
 1
 1
 1
 1
 1
 1
 1
 1
 1
 1
 1
 1
 1
 1
 1
 1
 1
 1
 1
 1
 1
 1
 1
 1
 1
 1
 1
 1
 1
 1
 1
 1
 1
 1
 1
 1
 1
 1
 1
 1
 1
 1
 1
 1
 1
 1
 1
 1
 1
 1
 1
 1
 1
 1
 1
 1
 1
 1
 1
 1
 1
 1
 1
 1
 1
 1
 1
 1
 1
 1
 1
 1
 1
 1
 1
 1
 1
 1
 1
 1
 1
 1
 1
 1
 1
 1
 1
 1
 1
 1
 1
 1
 1
 1
 1
 1
 1
 1
 1
 1
 1
 1
 1
 1
 1
 1
 1
 1
 1
 1
 1
 1
 1
 1
 1
 1
 1
 1
 1
 1
 1
 1
 1
 1
 1
 1
 1
 1
 1
 1
 1
 1
 1
 1
 1
 1
 1
 1
 1
 1
 1
 1
 1
 1
 1
 1
 1
 1
 1
 1
 1
 1
 1
 1
 1
 1
 1
 1
 1
 1
 1
 1
 1
 1
 1
 1
 1
 1
 1
 1
 1
 1
 1
 1
 1
 1
 1
 1
 1
 1
 1
 1
 1
 1
 1
 1
 1
 1
 1
 1
 1
 1
 1
 1
 1
 1
 1
 1
 1
 1
 1
 1
 1
 1
 1
 1
 1
 1
 1
 1
 1
 1
 1
 1
 1
 1
 1
 1
 1
 1
 1
 1
 1
 1
 1
 1
 1
 1
 1
 1
 1
 1
 1
 1
 1
 1
 1
 1
 1
 1
 1
 1
 1
 1
 1
 1
 1
 1
 1
 1
 1
 1
 1
 1
 1
 1
 1
 1
 1
 1
 1
 1
 1
 1
 1
 1
 1
 1
 1
 1
 1
 1
 1
 1
 1
 1
 1
 1
 1
 1
 1
 1
 1
 1
 1
 1
 1
 1
 1
 1
 1
 1
 1
 1
 1
 1
 1
 1
 1
 1
 1
 1
 1
 1
 1
 1
 1
 1
 1
 1
 1
 1
 1
 1
 1
 1
 1
 1
 1
 1
 1
 1
 1
 1
 1
 1
 1
 1
 1
 1
 1
 1
 1
 1
 1
 1
 1
 1
 1
 1
 1
 1
 1
 1
 1
 1
 1
 1
 1
 1
 1
 1
 1
 1
 1
 1
 1
 1
 1
 1
 1
 1
 1
 1
 1
 1
 1
 1
 1
 1
 1
 1
 1
 1
 1
 1
 1
 1
 1
 1
 1
 1
 1
 1
 1
 1
 1
 1
 1
 1
 1
 1
 1
 1
 1
 1
 1
 1
 1
 1
 1
 1
 1
 1
 1
 1
 1
 1
 1
 1
 1
 1
 1
 1
 1
 1
 1
 1
 1
 1
 1
 1
 1
 1
 1
 1
 1
 1
 1
 1
 1
 1
 1
 1
 1
 1
 1
 1
 1
 1
 1
 1
 1
 1
 1
 1
 1
 1
 1
 1
 1
 1
 1
 1
 1
 1
 1
 1
 1
 1
 1
 1
 1
 1
 1
 1
 1
 1
 1
 1
 1
 1
 1
 1
 1
 1
 1
 1
 1
 1
 1
 1
 1
 1
 1
 1
 1
 1
 1
 1
 1
 1
 1
 1
 1
 1
 1
 1
 1
 1
 1
 1
 1
 1
 1
 1
 1
 1
 1
 1
 1
 1
 1
 1
 1
 1
 1
 1
 1
 1
 1
 1
 1
 1
 1
 1
 1
 1
 1
 1
 1
 1
 1
 1
 1
 1
 1
 1
 1
 1
 1
 1
 1
 1
 1
 1
 1
 1
 1
 1
 1
 1
 1
 1
 1
 1
 1
 1
 1
 1
 1
 1
 1
 1
 1
 1
 1
 1
 1
 1
 1
 1
 1
 1
 1
 1
 1
 1
 1
 1
 1
 1
 1
 1
 1
 1
 1
 1
 1
 1
 1
 1
 1
 1
 1
 1
 1
 1
 1
 1
 1
 1
 1
 1
 1
 1
 1
 1
 1
 1
 1
 1
 1
 1
 1
 1
 1
 1
 1
 1
 1
 1
 1
 1
 1
 1
 1
 1
 1
 1
 1
 1
 1
 1
 1
 1
 1
 1
 1
 1
 1
 1
 1
 1
 1
 1
 1
 1
 1
 1
 1
 1
 1
 1
 1
 1
 1
 1
 1
 1
 1
 1
 1
 1
 1
 1
 1
 1
 1
 1
 1
 1
 1
 1
 1
 1
 1
 1
 1
 1
 1
 1
 1
 1
 1
 1
 1
 1
 1
 1
 1
 1
 1
 1
 1
 1
 1
 1
 1
 1
 1
 1
 1
 1
 1
 1
 1
 1
 1
 1
 1
 1
 1
 1
 1
 1
 1
 1
 1
 1
 1
 1
 1
 1
 1
 1
 1
 1
 1
 1
 1
 1
 1
 1
 1
 1
 1
 1
 1
 1
 1
 1
 1
 1
 1
 1
 1
 1
 1
 1
 1
 1
 6.347369038899743 0.000000000000000E+00 -4.957224306869051
 6.608421423339846 0.000000000000000E+00 -2.974334584121431
 6.434386500379778 0.000000000000000E+00 -4.296261065953177
 6.521403961859812 0.000000000000000E+00 -3.635297825037304
 7.391578576660155 0.000000000000000E+00 -2.974334584121431
 8.117748706432309 0.000000000000000E+00 -2.783996736576553
 8.773928945090747 0.000000000000000E+00 -2.419333812802447
 9.319031360088211 0.000000000000000E+00 -1.903179852490936
 9.718923361109951 0.000000000000000E+00 -1.267854785222098
 9.948564974995904 0.000000000000000E+00 -0.5531406586279894
 9.993576769715810 0.000000000000000E+00 0.1962093876904295
 9.851140248953683 0.000000000000000E+00 0.9332734223132741
 9.530174337438657 0.000000000000000E+00 1.611898825040471
 9.050776906068613 0.000000000000000E+00 2.189592218093507
 8.442966306758162 0.000000000000000E+00 2.630180267122523
 7.744801718121148 0.000000000000000E+00 2.906074741069779
 6.999999999999999 0.000000000000000E+00 2.999999999999999
 6.255198281878851 0.000000000000000E+00 2.906074741069779
 5.557033693241835 0.000000000000000E+00 2.630180267122522
 4.949223093931386 0.000000000000000E+00 2.189592218093506
 4.469825662561343 0.000000000000000E+00 1.611898825040472
 4.148859751046317 0.000000000000000E+00 0.9332734223132708
 4.006423230284190 0.000000000000000E+00 0.1962093876904274
 4.051435025004096 0.000000000000000E+00 -0.5531406586279890
 4.281076638890051 0.000000000000000E+00 -1.267854785222099
 4.680968639911789 0.000000000000000E+00 -1.903179852490937
 5.226071054909253 0.000000000000000E+00 -2.419333812802448
 5.882251293567692 0.000000000000000E+00 -2.783996736576554
 7.652630961100258 0.000000000000000E+00 -4.957224306869051
 7.478596038140189 0.000000000000000E+00 -3.635297825037304
 7.565613499620224 0.000000000000000E+00 -4.296261065953177
 8.388669229406462 0.000000000000000E+00 -4.803290306789675
 9.093298687687140 0.000000000000000E+00 -4.540715869125405
 9.750582082977466 0.000000000000000E+00 -4.175439881593715
 10.34565303179429 0.000000000000000E+00 -3.715724127386970
 10.86505226681368 0.000000000000000E+00 -3.171966420818226
 11.29703205750726 0.000000000000000E+00 -2.556465430385260
 11.63182191937559 0.000000000000000E+00 -1.883142508466053
 11.86184960198838 0.000000000000000E+00 -1.167226819279526
 11.98191235754163 0.000000000000000E+00 -0.4249108868622073
 11.98929461619302 0.000000000000000E+00 0.3270156461507159
 11.88382940660436 0.000000000000000E+00 1.071545765325255
 11.66790213248601 0.000000000000000E+00 1.791839747726500
 11.34639661972572 0.000000000000000E+00 2.471606041430723
 10.92658465440372 0.000000000000000E+00 3.095469746549169
 10.41796151011435 0.000000000000000E+00 3.649320363489179
 9.832031184624162 0.000000000000000E+00 4.120630943110077
 9.182046203366708 0.000000000000000E+00 4.498741420261107
 8.482707874877853 0.000000000000000E+00 4.775099722285932
 7.749833777770224 0.000000000000000E+00 4.943455199120836
 6.999999999999999 0.000000000000000E+00 4.999999999999999
 6.250166222229775 0.000000000000000E+00 4.943455199120836
 5.517292125122143 0.000000000000000E+00 4.775099722285931
 4.817953796633292 0.000000000000000E+00 4.498741420261107
 4.167968815375838 0.000000000000000E+00 4.120630943110078
 3.582038489885643 0.000000000000000E+00 3.649320363489176
 3.073415345596276 0.000000000000000E+00 3.095469746549168
 2.653603380274280 0.000000000000000E+00 2.471606041430719
 2.332097867513991 0.000000000000000E+00 1.791839747726502
 2.116170593395639 0.000000000000000E+00 1.071545765325250
 2.010705383806984 0.000000000000000E+00 0.3270156461507122
 2.018087642458374 0.000000000000000E+00 -0.4249108868622110
 2.138150398011618 0.000000000000000E+00 -1.167226819279529
 2.368178080624410 0.000000000000000E+00 -1.883142508466051
 2.702967942492738 0.000000000000000E+00 -2.556465430385262
 3.134947733186317 0.000000000000000E+00 -3.171966420818228
 3.654346968205711 0.000000000000000E+00 -3.715724127386972
 4.249417917022535 0.000000000000000E+00 -4.175439881593715
 4.906701312312861 0.000000000000000E+00 -4.540715869125406
 5.611330770593541 0.000000000000000E+00 -4.803290306789675
 5.713671851443884 0.000000000000000E+00 -4.095915026639526
 5.763850822988451 0.000000000000000E+00 -3.409636563141939
 8.215348359556215 0.000000000000000E+00 -3.354869867852610
 8.315765052597067 0.000000000000000E+00 -4.029957872571636
 4.893126406324352 0.000000000000000E+00 -3.065212054834219
 4.245198251603996 0.000000000000000E+00 -2.327249206928513
 3.788470108434288 0.000000000000000E+00 -1.643395618040554
 3.371483245943349 0.000000000000000E+00 -0.7942583034572906
 3.399564153886242 0.000000000000000E+00 0.1859502771670039
 3.533229666771545 0.000000000000000E+00 0.9971106781468619
 3.808572728865310 0.000000000000000E+00 1.900367769404181
 4.499163879825415 0.000000000000000E+00 2.596843921466427
 5.151202246051371 0.000000000000000E+00 3.097759096719829
 5.970011606165248 0.000000000000000E+00 3.569008869363487
 6.949860609372687 0.000000000000000E+00 3.604717072742898
 7.767937419552502 0.000000000000000E+00 3.524114968346362
 8.688348659344774 0.000000000000000E+00 3.307358124270050
 9.428603673113161 0.000000000000000E+00 2.662835781300366
 9.970536623364374 0.000000000000000E+00 2.043021019394598
 10.49683251963471 0.000000000000000E+00 1.250882939860858
 10.59285076295061 0.000000000000000E+00 0.2157573531534223
 10.51467105790623 0.000000000000000E+00 -0.8553965527830056
 10.52764097462828 0.000000000000000E+00 -2.698976458528553
 10.05791771922142 0.000000000000000E+00 -3.247838497759549
 8.923728326798852 0.000000000000000E+00 -2.933675181540142
 9.107923670691271 0.000000000000000E+00 -3.572168984354751
 9.638807824296720 0.000000000000000E+00 -3.665149121236006
 10.94034558246358 0.000000000000000E+00 -2.139953530944124
 11.26762238319511 0.000000000000000E+00 -1.767048719506530
 11.23184768746308 0.000000000000000E+00 -1.281876814825804
 11.23759908584060 0.000000000000000E+00 -0.5656793886176605
 11.26234783883944 0.000000000000000E+00 0.2587963958549523
 11.21152281240320 0.000000000000000E+00 1.032071835527410
 11.24303048618492 0.000000000000000E+00 1.599744790701128
 10.85175216409587 0.000000000000000E+00 1.979303913570652
 10.41263781299691 0.000000000000000E+00 2.565568903820387
 9.905458805913574 0.000000000000000E+00 3.128395546489898
 9.356232718347231 0.000000000000000E+00 3.639133169042370
 8.996149926554722 0.000000000000000E+00 4.070911758473781
 8.453640562996519 0.000000000000000E+00 4.080180995265923
 7.734391869055579 0.000000000000000E+00 4.206845621942590
 6.979832559998672 0.000000000000000E+00 4.270391810117586
 6.231714906648122 0.000000000000000E+00 4.267996317953880
 5.674339253218931 0.000000000000000E+00 4.336931620411736
 5.271652449780746 0.000000000000000E+00 3.972639814649146
 4.660165392144014 0.000000000000000E+00 3.572927221577536
 4.066300701687908 0.000000000000000E+00 3.103163266183657
 3.521565641274678 0.000000000000000E+00 2.588723894937913
 3.067490619718195 0.000000000000000E+00 2.258172137482072
 3.022892719901488 0.000000000000000E+00 1.717653005162328
 2.849910888182808 0.000000000000000E+00 1.008311346638564
 2.737403135086864 0.000000000000000E+00 0.2599819566036284
 2.691137231182956 0.000000000000000E+00 -0.4872357700808284
 2.585997479298345 0.000000000000000E+00 -1.039928282414436
 2.923386055145170 0.000000000000000E+00 -1.465606196344815
 3.282077514432059 0.000000000000000E+00 -2.102015274478972
 3.711757629302411 0.000000000000000E+00 -2.725572540140739
 4.189584565260651 0.000000000000000E+00 -3.303942408631270
 4.488766932914983 0.000000000000000E+00 -3.779862796403778
 5.022728425601326 0.000000000000000E+00 -3.864041692747615
 10.70459565880096 0.000000000000000E+00 -1.636234629441266
 10.24559922608586 0.000000000000000E+00 -2.234970383465367
 10.00912843611934 0.000000000000000E+00 -1.718214472007001
 9.752274355677910 0.000000000000000E+00 -2.834320521019081
 9.524562539532972 0.000000000000000E+00 -2.348303036292925
 4.046357431878946E-16 6.608421423339846 -2.974334584121431
 4.525887044877695E-16 7.391578576660155 -2.974334584121431
 3.601721154441447E-16 5.882251293567692 -2.783996736576554
 3.199939909684543E-16 5.226071054909253 -2.419333812802448
 2.866171969239635E-16 4.680968639911789 -1.903179852490937
 2.621316826592652E-16 4.281076638890051 -1.267854785222099
 2.480706536859269E-16 4.051435025004096 -0.5531406586279890
 2.453145671953796E-16 4.006423230284191 0.1962093876904301
 2.540360006124624E-16 4.148859751046317 0.9332734223132733
 2.736888453425469E-16 4.469825662561343 1.611898825040472
 3.030425023656409E-16 4.949223093931387 2.189592218093507
 3.402589384574493E-16 5.557033693241838 2.630180267122523
 3.830077780203829E-16 6.255198281878851 2.906074741069779
 4.286122238378320E-16 6.999999999999999 2.999999999999999
 4.742166696552810E-16 7.744801718121148 2.906074741069779
 5.169655092182149E-16 8.442966306758164 2.630180267122522
 5.541819453100230E-16 9.050776906068613 2.189592218093506
 5.835356023331172E-16 9.530174337438657 1.611898825040471
 6.031884470632018E-16 9.851140248953683 0.9332734223132716
 6.119098804802845E-16 9.993576769715810 0.1962093876904282
 6.091537939897372E-16 9.948564974995904 -0.5531406586279894
 5.950927650163989E-16 9.718923361109949 -1.267854785222099
 5.706072507517006E-16 9.319031360088211 -1.903179852490937
 5.372304567072098E-16 8.773928945090747 -2.419333812802448
 4.970523322315194E-16 8.117748706432309 -2.783996736576554
 7.249551466932141 1.442025444728145 -2.974334584121431
 6.828928159925226 2.828634660312573 -2.974334584121431
 6.145872973439418 4.106541032217782 -2.974334584121431
 5.226635335229604 5.226635335229604 -2.974334584121431
 4.106541032217782 6.145872973439418 -2.974334584121431
 2.828634660312574 6.828928159925226 -2.974334584121431
 1.442025444728145 7.249551466932141 -2.974334584121431
 6.481442458713086 1.289239063497651 -2.974334584121431
 6.105385295232788 2.528933392798684 -2.974334584121431
 5.494701598796215 3.671442230056649 -2.974334584121431
 4.672859601382060 4.672859601382060 -2.974334584121431
 3.671442230056649 5.494701598796215 -2.974334584121431
 2.528933392798685 6.105385295232788 -2.974334584121431
 1.289239063497651 6.481442458713086 -2.974334584121431
 1.147570299041910 5.769225484364053 -2.783996736576554
 2.251040115056474 5.434491575215231 -2.783996736576554
 3.268003721847259 4.890913202528873 -2.783996736576553
 4.159379778325055 4.159379778325055 -2.783996736576553
 4.890913202528873 3.268003721847259 -2.783996736576553
 5.434491575215231 2.251040115056473 -2.783996736576553
 5.769225484364053 1.147570299041908 -2.783996736576553
 1.019555884981415 5.125653564996379 -2.419333812802448
 1.999930809076519 4.828260083080329 -2.419333812802448
 2.903449513752932 4.345319273890950 -2.419333812802447
 3.695390281889067 3.695390281889067 -2.419333812802446
 4.345319273890950 2.903449513752932 -2.419333812802447
 4.828260083080328 1.999930809076519 -2.419333812802447
 5.125653564996379 1.019555884981413 -2.419333812802448
 0.9132116793077903 4.591025140054613 -1.903179852490937
 1.791329145914790 4.324651118741698 -1.903179852490936
 2.600606838033244 3.892083180227828 -1.903179852490936
 3.309944667803197 3.309944667803197 -1.903179852490936
 3.892083180227828 2.600606838033244 -1.903179852490936
 4.324651118741698 1.791329145914789 -1.903179852490936
 4.591025140054613 0.9132116793077890 -1.903179852490937
 0.8351966200567852 4.198816951701498 -1.267854785222100
 1.638297102388447 3.955199083782731 -1.267854785222100
 2.378438745842921 3.559585133175393 -1.267854785222098
 3.027178322138467 3.027178322138467 -1.267854785222098
 3.559585133175393 2.378438745842921 -1.267854785222098
 3.955199083782730 1.638297102388446 -1.267854785222098
 4.198816951701498 0.8351966200567841 -1.267854785222100
 0.7903957636554709 3.973587837034112 -0.5531406586279891
 1.550417061372711 3.743037896900638 -0.5531406586279891
 2.250856700905303 3.368645109509108 -0.5531406586279879
 2.864797179717086 2.864797179717086 -0.5531406586279877
 3.368645109509108 2.250856700905303 -0.5531406586279879
 3.743037896900639 1.550417061372711 -0.5531406586279877
 3.973587837034112 0.7903957636554697 -0.5531406586279892
 0.7816143981290404 3.929440931328295 0.1962093876904299
 1.533191793272385 3.701452421037317 0.1962093876904298
 2.225849487624135 3.331219170004307 0.1962093876904298
 2.832969034437264 2.832969034437264 0.1962093876904297
 3.331219170004307 2.225849487624135 0.1962093876904298
 3.701452421037317 1.533191793272384 0.1962093876904285
 3.929440931328295 0.7816143981290393 0.1962093876904272
 0.8094023848313809 4.069140574283639 0.9332734223132733
 1.587699889931776 3.833046607251565 0.9332734223132719
 2.304982978654452 3.449650808700116 0.9332734223132730
 2.933686864156782 2.933686864156782 0.9332734223132733
 3.449650808700115 2.304982978654452 0.9332734223132716
 3.833046607251565 1.587699889931776 0.9332734223132719
 4.069140574283638 0.8094023848313796 0.9332734223132706
 0.8720197278650474 4.383939215808782 1.611898825040471
 1.710528226622537 4.129580443534127 1.611898825040471
 2.483302084906204 3.716524210709848 1.611898825040473
 3.160644036718780 3.160644036718780 1.611898825040472
 3.716524210709848 2.483302084906204 1.611898825040473
 4.129580443534127 1.710528226622536 1.611898825040473
 4.383939215808782 0.8720197278650461 1.611898825040471
 0.9655455271247342 4.854125159959639 2.189592218093507
 1.893985681126233 4.572485918315394 2.189592218093507
 2.749641027561457 4.115128607109933 2.189592218093508
 3.499629211323949 3.499629211323949 2.189592218093508
 4.115128607109933 2.749641027561457 2.189592218093508
 4.572485918315394 1.893985681126232 2.189592218093508
 4.854125159959639 0.9655455271247328 2.189592218093507
 1.084123492669026 5.450256849036395 2.630180267122522
 2.126584727498238 5.134029690661738 2.630180267122522
 3.087322503852148 4.620504650471971 2.630180267122522
 3.929416207773427 3.929416207773427 2.630180267122522
 4.620504650471971 3.087322503852148 2.630180267122522
 5.134029690661738 2.126584727498237 2.630180267122522
 5.450256849036393 1.084123492669024 2.630180267122522
 1.220328647086479 6.135006400870354 2.906074741069779
 2.393760748633611 5.779049664427637 2.906074741069779
 3.475201967047248 5.201007290309355 2.906074741069779
 4.423093122782978 4.423093122782978 2.906074741069779
 5.201007290309355 3.475201967047248 2.906074741069779
 5.779049664427637 2.393760748633611 2.906074741069779
 6.135006400870354 1.220328647086477 2.906074741069779
 1.365632254112900 6.865496962822612 3.000000000000000
 2.678784026555629 6.467156727579006 3.000000000000000
 3.888991631137215 5.820287286117815 3.000000000000000
 4.949747468305834 4.949747468305834 3.000000000000000
 5.820287286117815 3.888991631137215 3.000000000000000
 6.467156727579006 2.678784026555628 3.000000000000000
 6.865496962822612 1.365632254112898 3.000000000000000
 1.510935861139320 7.595987524774871 2.906074741069779
 2.963807304477646 7.155263790730377 2.906074741069779
 4.302781295227182 6.439567281926276 2.906074741069779
 5.476401813828690 5.476401813828690 2.906074741069778
 6.439567281926276 4.302781295227182 2.906074741069779
 7.155263790730377 2.963807304477645 2.906074741069779
 7.595987524774871 1.510935861139318 2.906074741069779
 1.647141015556774 8.280737076608833 2.630180267122522
 3.230983325613020 7.800283764496277 2.630180267122522
 4.690660758422283 7.020069921763662 2.630180267122522
 5.970078728838238 5.970078728838238 2.630180267122522
 7.020069921763662 4.690660758422283 2.630180267122522
 7.800283764496276 3.230983325613018 2.630180267122523
 8.280737076608832 1.647141015556771 2.630180267122523
 1.765718981101065 8.876868765685588 2.189592218093507
 3.463582371985025 8.361827536842620 2.189592218093507
 5.028342234712973 7.525445965125699 2.189592218093507
 6.399865725287717 6.399865725287717 2.189592218093506
 7.525445965125699 5.028342234712973 2.189592218093507
 8.361827536842620 3.463582371985024 2.189592218093507
 8.876868765685588 1.765718981101063 2.189592218093507
 1.859244780360752 9.347054709836442 1.611898825040473
 3.647039826488721 8.804733011623888 1.611898825040473
 5.294681177368227 7.924050361525785 1.611898825040473
 6.738850899892887 6.738850899892887 1.611898825040470
 7.924050361525785 5.294681177368227 1.611898825040473
 8.804733011623888 3.647039826488720 1.611898825040473
 9.347054709836442 1.859244780360749 1.611898825040473
 1.921862123394419 9.661853351361588 0.9332734223132716
 3.769868163179481 9.101266847906450 0.9332734223132716
 5.473000283619980 8.190923763535517 0.9332734223132719
 6.965808072454884 6.965808072454884 0.9332734223132719
 8.190923763535517 5.473000283619980 0.9332734223132719
 9.101266847906448 3.769868163179479 0.9332734223132740
 9.661853351361586 1.921862123394416 0.9332734223132740
 1.949650110096759 9.801552994316930 0.1962093876904284
 3.824376259838873 9.232861034120697 0.1962093876904284
 5.552133774650296 8.309355402231326 0.1962093876904284
 7.066525902174402 7.066525902174402 0.1962093876904284
 8.309355402231326 5.552133774650296 0.1962093876904310
 9.232861034120697 3.824376259838872 0.1962093876904309
 9.801552994316930 1.949650110096756 0.1962093876904310
 1.940868744570328 9.757406088611113 -0.5531406586279879
 3.807150991738546 9.191275558257377 -0.5531406586279879
 5.527126561369128 8.271929462726526 -0.5531406586279883
 7.034697756894579 7.034697756894579 -0.5531406586279910
 8.271929462726526 5.527126561369128 -0.5531406586279883
 9.191275558257377 3.807150991738545 -0.5531406586279879
 9.757406088611113 1.940868744570325 -0.5531406586279879
 1.896067888169014 9.532176973943729 -1.267854785222098
 3.719270950722811 8.979114371375285 -1.267854785222099
 5.399544516431511 8.080989439060239 -1.267854785222099
 6.872316614473198 6.872316614473198 -1.267854785222099
 8.080989439060239 5.399544516431511 -1.267854785222097
 8.979114371375285 3.719270950722810 -1.267854785222096
 9.532176973943731 1.896067888169012 -1.267854785222096
 1.818052828918009 9.139968785590613 -1.903179852490936
 3.566238907196468 8.609662336416317 -1.903179852490936
 5.177376424241189 7.748491392007805 -1.903179852490937
 6.589550268808469 6.589550268808469 -1.903179852490938
 7.748491392007805 5.177376424241189 -1.903179852490934
 8.609662336416319 3.566238907196468 -1.903179852490934
 9.139968785590614 1.818052828918007 -1.903179852490934
 1.711708623244385 8.605340360648848 -2.419333812802447
 3.357637244034739 8.106053372077687 -2.419333812802447
 4.874533748521499 7.295255298344683 -2.419333812802448
 6.204104654722597 6.204104654722597 -2.419333812802450
 7.295255298344683 4.874533748521499 -2.419333812802448
 8.106053372077687 3.357637244034738 -2.419333812802447
 8.605340360648848 1.711708623244382 -2.419333812802447
 1.583694209183890 7.961768441281174 -2.783996736576553
 3.106527938054785 7.499821879942786 -2.783996736576553
 4.509979540427173 6.749661369706761 -2.783996736576552
 5.740115158286609 5.740115158286609 -2.783996736576554
 6.749661369706761 4.509979540427173 -2.783996736576552
 7.499821879942786 3.106527938054784 -2.783996736576553
 7.961768441281174 1.583694209183888 -2.783996736576553
 4.685730249210611E-16 7.652630961100258 -4.957224306869051
 4.579168112988667E-16 7.478596038140189 -3.635297825037304
 4.632449181099639E-16 7.565613499620224 -4.296261065953177
 7.505587803005159 1.492954238471642 -4.957224306869051
 7.070109114822706 2.928535082817202 -4.957224306869051
 6.362930098320485 4.251573966271493 -4.957224306869051
 5.411227246512118 5.411227246512118 -4.957224306869051
 4.251573966271494 6.362930098320485 -4.957224306869051
 2.928535082817203 7.070109114822706 -4.957224306869051
 1.492954238471643 7.505587803005159 -4.957224306869051
 1.459001709309313 7.334896912289814 -3.635297825037304
 2.861934801147450 6.909321811557719 -3.635297825037304
 4.154885343569020 6.218225348399772 -3.635297825037304
 5.288165972323775 5.288165972323775 -3.635297825037305
 6.218225348399772 4.154885343569019 -3.635297825037304
 6.909321811557719 2.861934801147449 -3.635297825037304
 7.334896912289814 1.459001709309310 -3.635297825037304
 1.475977973890479 7.420242357647487 -4.296261065953176
 2.895234941982329 6.989715463190210 -4.296261065953176
 4.203229654920257 6.290577723360128 -4.296261065953176
 5.349696609417948 5.349696609417945 -4.296261065953175
 6.290577723360128 4.203229654920255 -4.296261065953177
 6.989715463190212 2.895234941982327 -4.296261065953178
 7.420242357647487 1.475977973890476 -4.296261065953177
 3.886514227546030E-16 6.347369038899743 -4.957224306869051
 5.136408819222709E-16 8.388669229406462 -4.803290306789675
 5.567855675073179E-16 9.093298687687140 -4.540715869125405
 5.970312386140417E-16 9.750582082977466 -4.175439881593715
 6.334676218588514E-16 10.34565303179429 -3.715724127386970
 6.652706020276131E-16 10.86505226681368 -3.171966420818226
 6.917208618479238E-16 11.29703205750726 -2.556465430385260
 7.122201514498872E-16 11.63182191937559 -1.883142508466053
 7.263048195340205E-16 11.86184960198838 -1.167226819279526
 7.336563001994168E-16 11.98191235754163 -0.4249108868622073
 7.341083182419194E-16 11.98929461619302 0.3270156461507159
 7.276506499534456E-16 11.88382940660436 1.071545765325255
 7.144293543610015E-16 11.66790213248601 1.791839747726500
 6.947434696752428E-16 11.34639661972572 2.471606041430723
 6.690382496680442E-16 10.92658465440372 3.095469746549169
 6.378950929581503E-16 10.41796151011435 3.649320363489179
 6.020183929835252E-16 9.832031184624162 4.120630943110077
 5.622196060866754E-16 9.182046203366708 4.498741420261107
 5.193988980597267E-16 8.482707874877853 4.775099722285932
 4.745247842662347E-16 7.749833777770224 4.943455199120836
 4.286122238378320E-16 6.999999999999999 4.999999999999999
 3.826996634094293E-16 6.250166222229775 4.943455199120836
 3.378255496159371E-16 5.517292125122143 4.775099722285931
 2.950048415889888E-16 4.817953796633292 4.498741420261107
 2.552060546921389E-16 4.167968815375838 4.120630943110078
 2.193293547175136E-16 3.582038489885643 3.649320363489176
 1.881861980076198E-16 3.073415345596276 3.095469746549168
 1.624809780004211E-16 2.653603380274280 2.471606041430719
 1.427950933146626E-16 2.332097867513991 1.791839747726502
 1.295737977222185E-16 2.116170593395639 1.071545765325250
 1.231161294337447E-16 2.010705383806984 0.3270156461507122
 1.235681474762474E-16 2.018087642458374 -0.4249108868622110
 1.309196281416437E-16 2.138150398011618 -1.167226819279529
 1.450042962257767E-16 2.368178080624410 -1.883142508466051
 1.655035858277403E-16 2.702967942492738 -2.556465430385262
 1.919538456480512E-16 3.134947733186317 -3.171966420818228
 2.237568258168127E-16 3.654346968205711 -3.715724127386972
 2.601932090616224E-16 4.249417917022535 -4.175439881593715
 3.004388801683463E-16 4.906701312312861 -4.540715869125406
 3.435835657533933E-16 5.611330770593541 -4.803290306789675
 6.225406122640067 1.238310269754153 -4.957224306869051
 5.864204340335309 2.429032970294054 -4.957224306869051
 5.277644473915148 3.526409296002938 -4.957224306869051
 4.488267690099546 4.488267690099546 -4.957224306869051
 3.526409296002940 5.277644473915148 -4.957224306869051
 2.429032970294055 5.864204340335309 -4.957224306869051
 1.238310269754154 6.225406122640067 -4.957224306869051
 1.636548181251695 8.227483302373368 -4.803290306789675
 3.210204733684678 7.750119806055858 -4.803290306789676
 4.660494918505717 6.974923551908881 -4.803290306789676
 5.931684897244238 5.931684897244238 -4.803290306789676
 6.974923551908879 4.660494918505714 -4.803290306789677
 7.750119806055858 3.210204733684676 -4.803290306789676
 8.227483302373368 1.636548181251693 -4.803290306789676
 1.774014569169723 8.918573503193560 -4.540715869125405
 3.479854753325082 8.401112540565894 -4.540715869125405
 5.051966070835190 7.560801534402470 -4.540715869125405
 6.429933165418309 6.429933165418309 -4.540715869125406
 7.560801534402469 5.051966070835187 -4.540715869125407
 8.401112540565894 3.479854753325081 -4.540715869125405
 8.918573503193560 1.774014569169721 -4.540715869125405
 1.902244198412767 9.563227382347769 -4.175439881593714
 3.731386219071364 9.008363216534150 -4.175439881593714
 5.417133159916551 8.107312704257417 -4.175439881593714
 6.894702711389415 6.894702711389415 -4.175439881593718
 8.107312704257414 5.417133159916548 -4.175439881593718
 9.008363216534150 3.731386219071362 -4.175439881593715
 9.563227382347769 1.902244198412764 -4.175439881593714
 2.018336781439885 10.14686420974290 -3.715724127386969
 3.959110012265338 9.558137086538089 -3.715724127386969
 5.747736865613911 8.602096115362652 -3.715724127386969
 7.315481414584907 7.315481414584907 -3.715724127386971
 8.602096115362650 5.747736865613908 -3.715724127386972
 9.558137086538089 3.959110012265335 -3.715724127386969
 10.14686420974290 2.018336781439882 -3.715724127386969
 2.119666545454749 10.65628333410261 -3.171966420818225
 4.157875494290360 10.03799940897452 -3.171966420818226
 6.036299619643838 9.033960795934464 -3.171966420818226
 7.682752135810224 7.682752135810224 -3.171966420818229
 9.033960795934462 6.036299619643835 -3.171966420818229
 10.03799940897452 4.157875494290359 -3.171966420818226
 10.65628333410261 2.119666545454746 -3.171966420818226
 2.203941621925619 11.07996275424654 -2.556465430385259
 4.323187003305332 10.43709669605483 -2.556465430385260
 6.276294732619229 9.393138865024987 -2.556465430385260
 7.988207975145201 7.988207975145201 -2.556465430385260
 9.393138865024987 6.276294732619227 -2.556465430385261
 10.43709669605483 4.323187003305330 -2.556465430385260
 11.07996275424654 2.203941621925616 -2.556465430385260
 2.269255883885246 11.40831972279523 -1.883142508466053
 4.451305536766137 10.74640219712726 -1.883142508466053
 6.462294014190015 9.671506461675468 -1.883142508466053
 8.224940156744800 8.224940156744800 -1.883142508466055
 9.671506461675468 6.462294014190013 -1.883142508466055
 10.74640219712726 4.451305536766135 -1.883142508466053
 11.40831972279523 2.269255883885243 -1.883142508466053
 2.314132058558799 11.63392748798712 -1.167226819279526
 4.539333319887389 10.95892006500422 -1.167226819279526
 6.590090547420163 9.862767489756379 -1.167226819279526
 8.387594290980935 8.387594290980935 -1.167226819279528
 9.862767489756379 6.590090547420163 -1.167226819279528
 10.95892006500422 4.539333319887387 -1.167226819279526
 11.63392748798712 2.314132058558796 -1.167226819279526
 2.337555140201825 11.75168327135840 -0.4249108868622071
 4.585279347281714 11.06984358747676 -0.4249108868622071
 6.656793840499855 9.962596022568210 -0.4249108868622071
 8.472491479600574 8.472491479600574 -0.4249108868622090
 9.962596022568210 6.656793840499853 -0.4249108868622091
 11.06984358747677 4.585279347281713 -0.4249108868622072
 11.75168327135840 2.337555140201822 -0.4249108868622071
 2.338995347419332 11.75892368197981 0.3270156461507159
 4.588104415361036 11.07666390514849 0.3270156461507159
 6.660895203659019 9.968734146307000 0.3270156461507159
 8.477711524753447 8.477711524753447 0.3270156461507143
 9.968734146307000 6.660895203659017 0.3270156461507144
 11.07666390514849 4.588104415361033 0.3270156461507159
 11.75892368197981 2.338995347419328 0.3270156461507159
 2.318420105719182 11.65548495682061 1.071545765325255
 4.547744626960545 10.97922675661752 1.071545765325255
 6.602301872592388 9.881043029378914 1.071545765325255
 8.403136359874049 8.403136359874049 1.071545765325254
 9.881043029378915 6.602301872592387 1.071545765325254
 10.97922675661752 4.547744626960545 1.071545765325255
 11.65548495682061 2.318420105719179 1.071545765325255
 2.276294784279368 11.44370666472774 1.791839747726499
 4.465112836559697 10.77973596754862 1.791839747726500
 6.482339106595168 9.701506062482181 1.791839747726500
 8.250452720101835 8.250452720101835 1.791839747726499
 9.701506062482181 6.482339106595166 1.791839747726499
 10.77973596754862 4.465112836559696 1.791839747726500
 11.44370666472774 2.276294784279365 1.791839747726500
 2.213572170265002 11.12837879024395 2.471606041430724
 4.342078003412290 10.48270360471984 2.471606041430724
 6.303720213953845 9.434183998434250 2.471606041430724
 8.023113991840175 8.023113991840175 2.471606041430722
 9.434183998434253 6.303720213953845 2.471606041430722
 10.48270360471984 4.342078003412290 2.471606041430724
 11.12837879024395 2.213572170264999 2.471606041430724
 2.131670918764111 10.71663339411899 3.095469746549169
 4.181422919574936 10.09484792245551 3.095469746549169
 6.070485182555489 9.085123106388004 3.095469746549169
 7.726262104337742 7.726262104337742 3.095469746549169
 9.085123106388004 6.070485182555487 3.095469746549169
 10.09484792245551 4.181422919574935 3.095469746549169
 10.71663339411899 2.131670918764108 3.095469746549169
 2.032443465759842 10.21778330092757 3.649320363489178
 3.986781268937956 9.624941409685029 3.649320363489180
 5.787909303763481 8.662218417797620 3.649320363489179
 7.366611229942305 7.366611229942305 3.649320363489179
 8.662218417797622 5.787909303763479 3.649320363489179
 9.624941409685029 3.986781268937955 3.649320363489180
 10.21778330092757 2.032443465759839 3.649320363489179
 1.918134129880946 9.643111462344915 4.120630943110079
 3.762555440852575 9.083612374486963 4.120630943110078
 5.462383856297643 8.175035157225984 4.120630943110078
 6.952295923485350 6.952295923485350 4.120630943110077
 8.175035157225988 5.462383856297643 4.120630943110079
 9.083612374486965 3.762555440852574 4.120630943110079
 9.643111462344915 1.918134129880943 4.120630943110079
 1.791328350581782 9.005615760244435 4.498741420261107
 3.513816957239214 8.483104553863472 4.498741420261106
 5.101271548801199 7.634592396857375 4.498741420261107
 6.492687135568794 6.492687135568794 4.498741420261108
 7.634592396857375 5.101271548801196 4.498741420261107
 8.483104553863472 3.513816957239213 4.498741420261107
 9.005615760244435 1.791328350581779 4.498741420261108
 1.654894210878670 8.319715021640766 4.775099722285932
 3.246191765308634 7.837000185871962 4.775099722285932
 4.712739990683105 7.053113828000435 4.775099722285932
 5.998180261150658 5.998180261150658 4.775099722285932
 7.053113828000437 4.712739990683104 4.775099722285932
 7.837000185871962 3.246191765308633 4.775099722285932
 8.319715021640766 1.654894210878667 4.775099722285932
 1.511917567276663 7.600922894808797 4.943455199120836
 2.965732990336020 7.159912807646535 4.943455199120836
 4.305576957778990 6.443751286611778 4.943455199120836
 5.479960017329885 5.479960017329885 4.943455199120836
 6.443751286611779 4.305576957778988 4.943455199120836
 7.159912807646535 2.965732990336019 4.943455199120836
 7.600922894808797 1.511917567276661 4.943455199120836
 1.365632254112900 6.865496962822613 4.999999999999999
 2.678784026555629 6.467156727579007 4.999999999999999
 3.888991631137217 5.820287286117816 4.999999999999999
 4.949747468305834 4.949747468305834 4.999999999999999
 5.820287286117817 3.888991631137216 4.999999999999999
 6.467156727579007 2.678784026555628 4.999999999999999
 6.865496962822613 1.365632254112898 4.999999999999999
 1.219346940949136 6.130071030836430 4.943455199120836
 2.391835062775237 5.774400647511481 4.943455199120836
 3.472406304495445 5.196823285623855 4.943455199120836
 4.419534919281781 4.419534919281781 4.943455199120836
 5.196823285623855 3.472406304495444 4.943455199120836
 5.774400647511481 2.391835062775237 4.943455199120836
 6.130071030836430 1.219346940949135 4.943455199120836
 1.076370297347129 5.411278904004457 4.775099722285931
 2.111376287802623 5.097313269286050 4.775099722285932
 3.065243271591327 4.587460744235194 4.775099722285931
 3.901314675461006 3.901314675461006 4.775099722285931
 4.587460744235195 3.065243271591326 4.775099722285931
 5.097313269286050 2.111376287802622 4.775099722285932
 5.411278904004457 1.076370297347128 4.775099722285931
 0.9399361576440177 4.725378165400791 4.498741420261108
 1.843751095872044 4.451208901294544 4.498741420261108
 2.676711713473235 4.005982175378258 4.498741420261108
 3.406807801042872 3.406807801042872 4.498741420261108
 4.005982175378258 2.676711713473234 4.498741420261108
 4.451208901294544 1.843751095872043 4.498741420261108
 4.725378165400791 0.9399361576440163 4.498741420261108
 0.8131303783448537 4.087882463300311 4.120630943110078
 1.595012612258683 3.850701080671050 4.120630943110078
 2.315599405976790 3.465539415009645 4.120630943110078
 2.947199013126315 2.947199013126315 4.120630943110078
 3.465539415009645 2.315599405976789 4.120630943110077
 3.850701080671050 1.595012612258682 4.120630943110078
 4.087882463300311 0.8131303783448526 4.120630943110078
 0.6988210424659567 3.513210624717654 3.649320363489176
 1.370786784173301 3.309372045472982 3.649320363489176
 1.990073958510951 2.978356154438009 3.649320363489176
 2.532883706669358 2.532883706669358 3.649320363489176
 2.978356154438009 1.990073958510950 3.649320363489176
 3.309372045472983 1.370786784173300 3.649320363489175
 3.513210624717654 0.6988210424659557 3.649320363489176
 0.5995935894616887 3.014360531526236 3.095469746549170
 1.176145133536322 2.839465532702503 3.095469746549171
 1.707498079718946 2.555451465847629 3.095469746549170
 2.173232832273924 2.173232832273924 3.095469746549171
 2.555451465847629 1.707498079718945 3.095469746549171
 2.839465532702503 1.176145133536322 3.095469746549171
 3.014360531526236 0.5995935894616877 3.095469746549171
 0.5176923379607968 2.602615135401272 2.471606041430720
 1.015490049698966 2.451609850438173 2.471606041430720
 1.474263048320587 2.206390573801380 2.471606041430720
 1.876380944771489 1.876380944771489 2.471606041430720
 2.206390573801380 1.474263048320587 2.471606041430719
 2.451609850438174 1.015490049698967 2.471606041430719
 2.602615135401272 0.5176923379607959 2.471606041430720
 0.4549697239464311 2.287287260917486 1.791839747726503
 0.8924552165515611 2.154577487609396 1.791839747726503
 1.295644155679267 1.939068509753452 1.791839747726503
 1.649042216509831 1.649042216509831 1.791839747726503
 1.939068509753453 1.295644155679267 1.791839747726502
 2.154577487609397 0.8924552165515613 1.791839747726502
 2.287287260917488 0.4549697239464310 1.791839747726502
 0.4128444025066168 2.075508968824612 1.071545765325252
 0.8098234261507113 1.955086698540494 1.071545765325252
 1.175681389682045 1.759531542856718 1.071545765325252
 1.496358576737617 1.496358576737617 1.071545765325251
 1.759531542856720 1.175681389682045 1.071545765325251
 1.955086698540494 0.8098234261507113 1.071545765325252
 2.075508968824612 0.4128444025066161 1.071545765325252
 0.3922691608064677 1.972070243665417 0.3270156461507132
 0.7694636377502213 1.857649550009523 0.3270156461507132
 1.117088058615415 1.671840425928633 0.3270156461507132
 1.421783411858217 1.421783411858217 0.3270156461507132
 1.671840425928631 1.117088058615414 0.3270156461507132
 1.857649550009523 0.7694636377502211 0.3270156461507132
 1.972070243665417 0.3922691608064672 0.3270156461507132
 0.3937093680239738 1.979310654286831 -0.4249108868622100
 0.7722887058295431 1.864469867681247 -0.4249108868622100
 1.121189421774579 1.677978549667420 -0.4249108868622101
 1.427003457011089 1.427003457011089 -0.4249108868622100
 1.677978549667422 1.121189421774579 -0.4249108868622099
 1.864469867681247 0.7722887058295427 -0.4249108868622100
 1.979310654286831 0.3937093680239733 -0.4249108868622100
 0.4171324496670000 2.097066437658104 -1.167226819279528
 0.8182347332238691 1.975393390153796 -1.167226819279528
 1.187892714854270 1.777807082479253 -1.167226819279528
 1.511900645630731 1.511900645630731 -1.167226819279528
 1.777807082479253 1.187892714854270 -1.167226819279528
 1.975393390153796 0.8182347332238689 -1.167226819279528
 2.097066437658104 0.4171324496669995 -1.167226819279528
 0.4620086243405532 2.322674202849996 -1.883142508466050
 0.9062625163451199 2.187911258030756 -1.883142508466050
 1.315689248084419 1.969068110560164 -1.883142508466050
 1.674554779866862 1.674554779866862 -1.883142508466050
 1.969068110560163 1.315689248084417 -1.883142508466050
 2.187911258030756 0.9062625163451194 -1.883142508466050
 2.322674202849995 0.4620086243405523 -1.883142508466051
 0.5273228863001805 2.651031171398682 -2.556465430385260
 1.034381049805925 2.497216759103184 -2.556465430385260
 1.501688529655205 2.247435707210644 -2.556465430385260
 1.911286961466465 1.911286961466465 -2.556465430385260
 2.247435707210644 1.501688529655205 -2.556465430385260
 2.497216759103184 1.034381049805925 -2.556465430385260
 2.651031171398683 0.5273228863001800 -2.556465430385260
 0.6115979627710506 3.074710591542613 -3.171966420818227
 1.199692558820897 2.896314046183491 -3.171966420818227
 1.741683642630596 2.606613776301169 -3.171966420818227
 2.216742800801439 2.216742800801439 -3.171966420818227
 2.606613776301169 1.741683642630595 -3.171966420818227
 2.896314046183491 1.199692558820897 -3.171966420818227
 3.074710591542613 0.6115979627710497 -3.171966420818227
 0.7129277267859150 3.584129715902332 -3.715724127386971
 1.398458040845921 3.376176368619929 -3.715724127386971
 2.030246396660524 3.038478456872983 -3.715724127386971
 2.584013522026758 2.584013522026758 -3.715724127386971
 3.038478456872983 2.030246396660524 -3.715724127386971
 3.376176368619930 1.398458040845921 -3.715724127386971
 3.584129715902332 0.7129277267859140 -3.715724127386971
 0.8290203098130323 4.167766543297457 -4.175439881593715
 1.626181834039894 3.925950238623864 -4.175439881593715
 2.360850102357883 3.533261867978215 -4.175439881593715
 3.004792225222247 3.004792225222247 -4.175439881593715
 3.533261867978216 2.360850102357882 -4.175439881593714
 3.925950238623864 1.626181834039893 -4.175439881593715
 4.167766543297457 0.8290203098130311 -4.175439881593715
 0.9572499390560762 4.812420422451667 -4.540715869125406
 1.877713299786176 4.533200914592122 -4.540715869125406
 2.726017191439245 4.079773037833163 -4.540715869125406
 3.469561771193355 3.469561771193355 -4.540715869125405
 4.079773037833164 2.726017191439244 -4.540715869125405
 4.533200914592122 1.877713299786176 -4.540715869125405
 4.812420422451667 0.9572499390560749 -4.540715869125406
 1.094716326974104 5.503510623271860 -4.803290306789676
 2.147363319426580 5.184193649102158 -4.803290306789676
 3.117488343768718 4.665651020326752 -4.803290306789676
 3.967810039367427 3.967810039367427 -4.803290306789676
 4.665651020326752 3.117488343768717 -4.803290306789676
 5.184193649102158 2.147363319426580 -4.803290306789676
 5.503510623271860 1.094716326974103 -4.803290306789676
 3.939795295657003E-16 6.434386500379778 -4.296261065953178
 3.993076363767974E-16 6.521403961859812 -3.635297825037305
 1.255286534335321 6.310751567997739 -4.296261065953179
 2.462333111128931 5.944597991967802 -4.296261065953179
 3.574753607354177 5.349996848875503 -4.296261065953177
 4.549798327193718 4.549798327193718 -4.296261065953177
 5.349996848875503 3.574753607354175 -4.296261065953177
 5.944597991967802 2.462333111128931 -4.296261065953177
 6.310751567997739 1.255286534335319 -4.296261065953177
 1.272262798916487 6.396097013355412 -3.635297825037305
 2.495633251963808 6.024991643600295 -3.635297825037305
 3.623097918705412 5.422349223835858 -3.635297825037305
 4.611328964287889 4.611328964287889 -3.635297825037305
 5.422349223835859 3.623097918705412 -3.635297825037304
 6.024991643600295 2.495633251963806 -3.635297825037304
 6.396097013355412 1.272262798916485 -3.635297825037304
 5.603885248950437 1.114682081392675 -4.095915026639524
 5.653100045627121 1.124471513109742 -3.409636563141937
 8.057492744437564 1.602734956940492 -3.354869867852609
 8.155979958878801 1.622325281921627 -4.029957872571634
 4.799106354475283 0.9546016062754379 -3.065212054834217
 4.163627957566730 0.8281970939277278 -2.327249206928512
 3.715675717599982 0.7390938534029213 -1.643395618040553
 3.306701140747343 0.6577437521230691 -0.7942583034572900
 3.334242481918090 0.6632220654961533 0.1859502771670042
 3.465339649453544 0.6892989134473981 0.9971106781468619
 3.735392071816262 0.7430156800961776 1.900367769404181
 4.412713707454658 0.8777433301184729 2.596843921466426
 5.052223339307247 1.004949704952365 3.097759096719828
 5.855299507163325 1.164691486686801 3.569008869363486
 6.816320986526959 1.355850544249723 3.604717072742897
 7.618678680190550 1.515449412581630 3.524114968346361
 8.521404476096498 1.695012737739968 3.307358124270049
 9.247435697345223 1.839429326750096 2.662835781300366
 9.778955557917110 1.945155200525756 2.043021019394598
 10.29513882611568 2.047830436404902 1.250882939860857
 10.38931210581009 2.066562666412823 0.2157573531534224
 10.31263460187629 2.051310562580590 -0.8553965527830052
 10.32535530528534 2.053840867810417 -2.698976458528552
 9.864657650519208 1.962202406654630 -3.247838497759548
 8.752261389241665 1.740933032859633 -2.933675181540141
 8.932917471250160 1.776867761813476 -3.572168984354750
 9.453600834705712 1.880438122293623 -3.665149121236004
 10.73012990980479 2.134355542650545 -2.139953530944124
 11.05111817857973 2.198204079093668 -1.767048719506529
 11.01603088359485 2.191224782183276 -1.281876814825803
 11.02167177046526 2.192346824344790 -0.5656793886176602
 11.04594498311486 2.197175066536833 0.2587963958549524
 10.99609654531009 2.187259595762908 1.032071835527410
 11.02699880797495 2.193406437986964 1.599744790701127
 10.64323878912914 2.117071824132680 1.979303913570651
 10.21256189715746 2.031404863974881 2.565568903820386
 9.715128192480595 1.932459148163172 3.128395546489897
 9.176455330182071 1.825310453880196 3.639133169042369
 8.823291428265478 1.755061786076929 4.070911758473780
 8.291206230006667 1.649223459643594 4.080180995265922
 7.585777698040145 1.508905000332977 4.206845621942588
 6.845717034525898 1.361697781748798 4.270391810117585
 6.111974252109873 1.215747267850689 4.267996317953878
 5.565308415571389 1.107008672139238 4.336931620411734
 5.170359126146589 1.028448373984837 3.972639814649146
 4.570621620859399 0.9091531670017923 3.572927221577535
 3.988167873908829 0.7932959133067021 3.103163266183657
 3.453899744935969 0.6870233749572100 2.588723894937913
 3.008549647594591 0.5984377327822753 2.258172137482072
 2.964808683917467 0.5897371141457909 1.717653005162328
 2.795150649590596 0.5559900328928538 1.008311346638564
 2.684804701422854 0.5340408591120551 0.2599819566036288
 2.639427783889350 0.5250148290210744 -0.4872357700808279
 2.536308262855676 0.5045030809692098 -1.039928282414435
 2.867214011822451 0.5703243268757299 -1.465606196344814
 3.219013315297387 0.6403015591724440 -2.102015274478971
 3.640437247244197 0.7241279911464279 -2.725572540140738
 4.109082872612216 0.8173474019505007 -3.303942408631268
 4.402516534963771 0.8757149863977320 -3.779862796403776
 4.926218107292675 0.9798857059501231 -3.864041692747613
 10.49890985482030 2.088363014127927 -1.636234629441266
 10.04873290985575 1.998817252265285 -2.234970383465366
 9.816805839811254 1.952684089703307 -1.718214472007000
 9.564887138502796 1.902574344438833 -2.834320521019079
 9.341550741053954 1.858149972900240 -2.348303036292924
 5.278744479034874 2.186527555518342 -4.095915026639524
 5.325103803807365 2.205730216581568 -3.409636563141937
 7.589992201844161 3.143877708309881 -3.354869867852609
 7.682765129267073 3.182305513069506 -4.029957872571634
 4.520659336793575 1.872518408168459 -3.065212054834217
 3.922051776109630 1.624567037994095 -2.327249206928512
 3.500089992713252 1.449784744508177 -1.643395618040553
 3.114844365131776 1.290210780718995 -0.7942583034572896
 3.140787741234548 1.300956878954509 0.1859502771670045
 3.264278572791904 1.352108456214297 0.9971106781468624
 3.518662392279318 1.457477684294253 1.900367769404181
 4.156685421984770 1.721755476304624 2.596843921466426
 4.759090322953030 1.971279756325699 3.097759096719828
 5.515571531790905 2.284624532706740 3.569008869363486
 6.420833970805844 2.659596512453674 3.604717072742897
 7.176638391753097 2.972660954111570 3.524114968346361
 8.026987497690515 3.324887086542684 3.307358124270049
 8.710893953749988 3.608170416037037 2.662835781300366
 9.211574714480541 3.815559177550911 2.043021019394598
 9.697808721089388 4.016963897575303 1.250882939860857
 9.786518010836634 4.053708488497097 0.2157573531534224
 9.714289381488362 4.023790410629424 -0.8553965527830052
 9.726272022086242 4.028753782878108 -2.698976458528552
 9.292304320471278 3.848998475237309 -3.247838497759548
 8.244449954820650 3.414962985592964 -2.933675181540141
 8.414624263026734 3.485451492019382 -3.572168984354750
 8.905097266677386 3.688612062109351 -3.665149121236004
 10.10756136223837 4.186688998757409 -2.139953530944124
 10.40992569990001 4.311932408194817 -1.767048719506529
 10.37687419073136 4.298242024840265 -1.281876814825803
 10.38218778997568 4.300442989712274 -0.5656793886176602
 10.40505265632649 4.309913927456629 0.2587963958549524
 10.35809645466269 4.290464031889960 1.032071835527410
 10.38720574958667 4.302521496638590 1.599744790701127
 10.02571171629324 4.152785765331499 1.979303913570651
 9.620022954880934 3.984743978252180 2.565568903820386
 9.151450650917241 3.790654974998009 3.128395546489897
 8.644031909893446 3.580475250663672 3.639133169042369
 8.311358788546823 3.442677531964911 4.070911758473780
 7.810145491359675 3.235068186628258 4.080180995265922
 7.145646344242166 2.959823627706831 4.206845621942588
 6.448524442538631 2.671066281393903 4.270391810117585
 5.757353854697684 2.384774049996798 4.267996317953878
 5.242405896574350 2.171475621825781 4.336931620411734
 4.870371800865415 2.017374053717930 3.972639814649146
 4.305431423919289 1.783368087654676 3.572927221577535
 3.756771991325740 1.556105909550502 3.103163266183657
 3.253502418368658 1.347644826901962 2.588723894937913
 2.833991799728003 1.173877839101475 2.258172137482072
 2.792788712894358 1.156810961723343 1.717653005162329
 2.632974339073157 1.090613680624438 1.008311346638564
 2.529030728738982 1.047558827501999 0.2599819566036291
 2.486286607069027 1.029853632594578 -0.4872357700808275
 2.389150142249520 0.9896183914653607 -1.039928282414435
 2.700856541977533 1.118731409711193 -1.465606196344814
 3.032244239699296 1.255996688511143 -2.102015274478970
 3.429216903355113 1.420428149688755 -2.725572540140738
 3.870671429569512 1.603284601617748 -3.303942408631268
 4.147079895533615 1.717776736974822 -3.779862796403776
 4.640395989775703 1.922114953746818 -3.864041692747613
 9.889756832975380 4.096471408790390 -1.636234629441266
 9.465699423294208 3.920821078475644 -2.234970383465366
 9.247228900407359 3.830327624917170 -1.718214472007000
 9.009926672645518 3.732033823796867 -2.834320521019079
 8.799548386398236 3.644892284404433 -2.348303036292924
 4.750744519144014 3.174346001904222 -4.095915026639524
 4.792466809159915 3.202223944817922 -3.409636563141937
 6.830812515450558 4.564203002455854 -3.354869867852609
 6.914305944281939 4.619991528007619 -4.029957872571634
 4.068485916013858 2.718475377755990 -3.065212054834217
 3.529753344408618 2.358505781858041 -2.327249206928511
 3.149997772279641 2.104761220930637 -1.643395618040552
 2.803285867389046 1.873095732570433 -0.7942583034572894
 2.826634289029426 1.888696649139668 0.1859502771670048
 2.937773101206390 1.962957229280041 0.9971106781468625
 3.166712490295689 2.115929638447804 1.900367769404181
 3.740918046844055 2.499601525107985 2.596843921466427
 4.283068134416336 2.861854632169861 3.097759096719829
 4.963883235619917 3.316760739166958 3.569008869363486
 5.778597906431841 3.861135678202940 3.604717072742897
 6.458803914625756 4.315634802262473 3.524114968346361
 7.224097891334740 4.826987889227726 3.307358124270048
 7.839597440637755 5.238251539720958 2.662835781300365
 8.290198220677105 5.539333355173024 2.043021019394597
 8.727797265505423 5.831727688901195 1.250882939860857
 8.807633517049263 5.885072566714340 0.2157573531534216
 8.742629468006085 5.841638249765431 -0.8553965527830060
 8.753413559634566 5.848843949420947 -2.698976458528552
 8.362852946571939 5.587879690959834 -3.247838497759548
 7.419808932176684 4.957757825923265 -2.933675181540141
 7.572961763350847 5.060091276050701 -3.572168984354751
 8.014375804726733 5.355034708975694 -3.665149121236005
 9.096564899906857 6.078130344564267 -2.139953530944124
 9.368685614526720 6.259955593008595 -1.767048719506530
 9.338940042136164 6.240080236964543 -1.281876814825804
 9.343722155115321 6.243275542701332 -0.5656793886176611
 9.364299991176242 6.257025213171845 0.2587963958549515
 9.322040526150031 6.228788341391432 1.032071835527409
 9.348238199453876 6.246293067056252 1.599744790701126
 9.022902164684101 6.028910478477718 1.979303913570650
 8.657791925419367 5.784951616115417 2.565568903820386
 8.236087993031793 5.503178056967476 3.128395546489897
 7.779423190936564 5.198044391517799 3.639133169042369
 7.480025291648028 4.997993110975286 4.070911758473780
 7.028945241459788 4.696591057447939 4.080180995265922
 6.430911808759604 4.296997892956127 4.206845621942588
 5.803518672598781 3.877787201796270 4.270391810117585
 5.181481577410709 3.462155302798228 4.267996317953878
 4.718040658947062 3.152493981143119 4.336931620411734
 4.383218818612963 2.928773179923049 3.972639814649146
 3.874785911871725 2.589049172823338 3.572927221577536
 3.381005467938015 2.259115628364525 3.103163266183657
 2.928074818448624 1.956477043916800 2.588723894937913
 2.550525236318785 1.704206478382283 2.258172137482072
 2.513443437848679 1.679429212788931 1.717653005162329
 2.369614301294164 1.583325656232826 1.008311346638565
 2.276067523446449 1.520819697628800 0.2599819566036294
 2.237598830264640 1.495115738616044 -0.4872357700808272
 2.150178321527556 1.436703222161887 -1.039928282414435
 2.430706669882224 1.624146271863260 -1.465606196344813
 2.728947718471728 1.823424569481418 -2.102015274478970
 3.086213676997092 2.062142051023828 -2.725572540140737
 3.483512254186003 2.327608473177190 -3.303942408631268
 3.732273301427307 2.493825290890263 -3.779862796403775
 4.176246056735708 2.790478401805510 -3.864041692747612
 8.900546002278743 5.947154704540672 -1.636234629441266
 8.518904416320870 5.692149949461980 -2.234970383465366
 8.322286140266527 5.560773817577948 -1.718214472007001
 8.108719777583566 5.418073336255070 -2.834320521019080
 7.919384322096827 5.291563429498109 -2.348303036292924
 4.040176111630664 4.040176111630664 -4.095915026639523
 4.075658002682794 4.075658002682795 -3.409636563141937
 5.809128534851975 5.809128534851975 -3.354869867852609
 5.880133859445490 5.880133859445491 -4.029957872571633
 3.459962863114910 3.459962863114909 -3.065212054834217
 3.001808471190459 3.001808471190459 -2.327249206928511
 2.678852903996418 2.678852903996418 -1.643395618040552
 2.383998665863374 2.383998665863373 -0.7942583034572892
 2.403854866291669 2.403854866291668 0.1859502771670049
 2.498370656863644 2.498370656863643 0.9971106781468624
 2.693067603222814 2.693067603222814 1.900367769404181
 3.181389289094127 3.181389289094127 2.596843921466426
 3.642450039446298 3.642450039446298 3.097759096719828
 4.221435690481838 4.221435690481838 3.569008869363484
 4.914293565188697 4.914293565188697 3.604717072742896
 5.492761225198305 5.492761225198304 3.524114968346360
 6.143590254335736 6.143590254335736 3.307358124270047
 6.667029594378703 6.667029594378704 2.662835781300364
 7.050234058449767 7.050234058449768 2.043021019394596
 7.422381455613174 7.422381455613174 1.250882939860856
 7.490276606579465 7.490276606579465 0.2157573531534210
 7.434995206991418 7.434995206991420 -0.8553965527830063
 7.444166323057008 7.444166323057008 -2.698976458528552
 7.112021823877800 7.112021823877800 -3.247838497759548
 6.310028813345949 6.310028813345950 -2.933675181540141
 6.440274590075266 6.440274590075266 -3.572168984354751
 6.815666375114159 6.815666375114159 -3.665149121236005
 7.735992549884283 7.735992549884282 -2.139953530944125
 7.967412195006586 7.967412195006588 -1.767048719506530
 7.942115665059579 7.942115665059580 -1.281876814825805
 7.946182517853631 7.946182517853632 -0.5656793886176616
 7.963682528925026 7.963682528925027 0.2587963958549508
 7.927743808077972 7.927743808077972 1.032071835527408
 7.950023097868442 7.950023097868444 1.599744790701125
 7.673347542987979 7.673347542987980 1.979303913570649
 7.362846807609575 7.362846807609575 2.565568903820385
 7.004217092425487 7.004217092425487 3.128395546489895
 6.615855601502770 6.615855601502770 3.639133169042367
 6.361238617637703 6.361238617637703 4.070911758473779
 5.977626567808500 5.977626567808501 4.080180995265921
 5.469040938963295 5.469040938963294 4.206845621942588
 4.935486934721720 4.935486934721719 4.270391810117584
 4.406487868912180 4.406487868912179 4.267996317953878
 4.012363764704116 4.012363764704115 4.336931620411733
 3.727621195298641 3.727621195298640 3.972639814649144
 3.295234550235898 3.295234550235898 3.572927221577535
 2.875308800507135 2.875308800507135 3.103163266183656
 2.490122945338877 2.490122945338876 2.588723894937912
 2.169043418428861 2.169043418428859 2.258172137482072
 2.137507941041788 2.137507941041788 1.717653005162329
 2.015191314811439 2.015191314811438 1.008311346638565
 1.935636319661236 1.935636319661235 0.2599819566036295
 1.902921385273057 1.902921385273056 -0.4872357700808269
 1.828576353743178 1.828576353743177 -1.039928282414434
 2.067146103619339 2.067146103619339 -1.465606196344813
 2.320779266834796 2.320779266834796 -2.102015274478970
 2.624608989800637 2.624608989800637 -2.725572540140737
 2.962483656450299 2.962483656450298 -3.303942408631267
 3.174037537430123 3.174037537430122 -3.779862796403775
 3.551605329801126 3.551605329801126 -3.864041692747612
 7.569292180198232 7.569292180198234 -1.636234629441267
 7.244732690084953 7.244732690084954 -2.234970383465367
 7.077522590947083 7.077522590947083 -1.718214472007001
 6.895899328891514 6.895899328891517 -2.834320521019080
 6.734882759539125 6.734882759539127 -2.348303036292924
 3.174346001904223 4.750744519144015 -4.095915026639522
 3.202223944817922 4.792466809159917 -3.409636563141936
 4.564203002455855 6.830812515450559 -3.354869867852607
 4.619991528007619 6.914305944281940 -4.029957872571632
 2.718475377755992 4.068485916013858 -3.065212054834216
 2.358505781858042 3.529753344408620 -2.327249206928510
 2.104761220930637 3.149997772279642 -1.643395618040552
 1.873095732570434 2.803285867389046 -0.7942583034572895
 1.888696649139669 2.826634289029427 0.1859502771670044
 1.962957229280041 2.937773101206390 0.9971106781468616
 2.115929638447805 3.166712490295688 1.900367769404180
 2.499601525107986 3.740918046844055 2.596843921466426
 2.861854632169861 4.283068134416336 3.097759096719827
 3.316760739166960 4.963883235619916 3.569008869363484
 3.861135678202940 5.778597906431840 3.604717072742895
 4.315634802262474 6.458803914625754 3.524114968346359
 4.826987889227727 7.224097891334738 3.307358124270047
 5.238251539720958 7.839597440637755 2.662835781300364
 5.539333355173024 8.290198220677105 2.043021019394597
 5.831727688901196 8.727797265505421 1.250882939860856
 5.885072566714342 8.807633517049261 0.2157573531534217
 5.841638249765431 8.742629468006085 -0.8553965527830055
 5.848843949420948 8.753413559634566 -2.698976458528550
 5.587879690959836 8.362852946571939 -3.247838497759547
 4.957757825923265 7.419808932176684 -2.933675181540140
 5.060091276050702 7.572961763350847 -3.572168984354749
 5.355034708975695 8.014375804726733 -3.665149121236003
 6.078130344564269 9.096564899906856 -2.139953530944124
 6.259955593008595 9.368685614526722 -1.767048719506529
 6.240080236964543 9.338940042136164 -1.281876814825804
 6.243275542701332 9.343722155115319 -0.5656793886176606
 6.257025213171845 9.364299991176242 0.2587963958549516
 6.228788341391434 9.322040526150030 1.032071835527409
 6.246293067056252 9.348238199453876 1.599744790701126
 6.028910478477717 9.022902164684101 1.979303913570650
 5.784951616115418 8.657791925419364 2.565568903820385
 5.503178056967476 8.236087993031791 3.128395546489895
 5.198044391517800 7.779423190936562 3.639133169042367
 4.997993110975286 7.480025291648026 4.070911758473778
 4.696591057447939 7.028945241459787 4.080180995265920
 4.296997892956128 6.430911808759602 4.206845621942587
 3.877787201796272 5.803518672598779 4.270391810117583
 3.462155302798229 5.181481577410708 4.267996317953877
 3.152493981143120 4.718040658947061 4.336931620411733
 2.928773179923049 4.383218818612963 3.972639814649144
 2.589049172823339 3.874785911871724 3.572927221577534
 2.259115628364525 3.381005467938015 3.103163266183655
 1.956477043916801 2.928074818448624 2.588723894937911
 1.704206478382285 2.550525236318784 2.258172137482071
 1.679429212788932 2.513443437848680 1.717653005162328
 1.583325656232827 2.369614301294164 1.008311346638564
 1.520819697628802 2.276067523446450 0.2599819566036290
 1.495115738616045 2.237598830264640 -0.4872357700808273
 1.436703222161888 2.150178321527557 -1.039928282414435
 1.624146271863261 2.430706669882225 -1.465606196344813
 1.823424569481418 2.728947718471729 -2.102015274478970
 2.062142051023830 3.086213676997093 -2.725572540140736
 2.327608473177192 3.483512254186004 -3.303942408631266
 2.493825290890265 3.732273301427308 -3.779862796403774
 2.790478401805510 4.176246056735710 -3.864041692747611
 5.947154704540672 8.900546002278745 -1.636234629441266
 5.692149949461980 8.518904416320870 -2.234970383465365
 5.560773817577949 8.322286140266527 -1.718214472007000
 5.418073336255068 8.108719777583568 -2.834320521019078
 5.291563429498109 7.919384322096828 -2.348303036292923
 2.186527555518343 5.278744479034875 -4.095915026639522
 2.205730216581568 5.325103803807367 -3.409636563141936
 3.143877708309882 7.589992201844163 -3.354869867852608
 3.182305513069506 7.682765129267075 -4.029957872571632
 1.872518408168461 4.520659336793575 -3.065212054834216
 1.624567037994096 3.922051776109631 -2.327249206928511
 1.449784744508177 3.500089992713254 -1.643395618040552
 1.290210780718996 3.114844365131777 -0.7942583034572898
 1.300956878954510 3.140787741234550 0.1859502771670040
 1.352108456214298 3.264278572791904 0.9971106781468613
 1.457477684294254 3.518662392279318 1.900367769404180
 1.721755476304624 4.156685421984772 2.596843921466425
 1.971279756325699 4.759090322953031 3.097759096719827
 2.284624532706740 5.515571531790905 3.569008869363484
 2.659596512453674 6.420833970805845 3.604717072742895
 2.972660954111571 7.176638391753097 3.524114968346359
 3.324887086542684 8.026987497690515 3.307358124270046
 3.608170416037036 8.710893953749988 2.662835781300363
 3.815559177550910 9.211574714480541 2.043021019394596
 4.016963897575303 9.697808721089388 1.250882939860856
 4.053708488497098 9.786518010836634 0.2157573531534217
 4.023790410629424 9.714289381488364 -0.8553965527830055
 4.028753782878109 9.726272022086244 -2.698976458528551
 3.848998475237311 9.292304320471278 -3.247838497759547
 3.414962985592963 8.244449954820652 -2.933675181540140
 3.485451492019383 8.414624263026734 -3.572168984354750
 3.688612062109351 8.905097266677386 -3.665149121236003
 4.186688998757410 10.10756136223837 -2.139953530944124
 4.311932408194816 10.40992569990001 -1.767048719506529
 4.298242024840265 10.37687419073136 -1.281876814825804
 4.300442989712275 10.38218778997568 -0.5656793886176606
 4.309913927456629 10.40505265632649 0.2587963958549516
 4.290464031889961 10.35809645466269 1.032071835527409
 4.302521496638590 10.38720574958667 1.599744790701126
 4.152785765331497 10.02571171629324 1.979303913570649
 3.984743978252180 9.620022954880934 2.565568903820385
 3.790654974998009 9.151450650917241 3.128395546489895
 3.580475250663673 8.644031909893446 3.639133169042367
 3.442677531964911 8.311358788546823 4.070911758473778
 3.235068186628258 7.810145491359676 4.080180995265920
 2.959823627706831 7.145646344242166 4.206845621942587
 2.671066281393904 6.448524442538631 4.270391810117583
 2.384774049996799 5.757353854697685 4.267996317953877
 2.171475621825782 5.242405896574351 4.336931620411733
 2.017374053717931 4.870371800865416 3.972639814649143
 1.783368087654677 4.305431423919289 3.572927221577534
 1.556105909550501 3.756771991325742 3.103163266183655
 1.347644826901963 3.253502418368659 2.588723894937911
 1.173877839101476 2.833991799728003 2.258172137482071
 1.156810961723344 2.792788712894359 1.717653005162327
 1.090613680624439 2.632974339073158 1.008311346638564
 1.047558827502000 2.529030728738983 0.2599819566036287
 1.029853632594579 2.486286607069028 -0.4872357700808276
 0.9896183914653620 2.389150142249521 -1.039928282414435
 1.118731409711194 2.700856541977535 -1.465606196344814
 1.255996688511143 3.032244239699297 -2.102015274478970
 1.420428149688756 3.429216903355114 -2.725572540140737
 1.603284601617749 3.870671429569513 -3.303942408631267
 1.717776736974823 4.147079895533617 -3.779862796403775
 1.922114953746819 4.640395989775704 -3.864041692747612
 4.096471408790389 9.889756832975383 -1.636234629441266
 3.920821078475644 9.465699423294208 -2.234970383465366
 3.830327624917170 9.247228900407361 -1.718214472007000
 3.732033823796865 9.009926672645520 -2.834320521019079
 3.644892284404433 8.799548386398239 -2.348303036292923
 1.114682081392677 5.603885248950438 -4.095915026639522
 1.124471513109744 5.653100045627122 -3.409636563141936
 1.602734956940494 8.057492744437564 -3.354869867852607
 1.622325281921628 8.155979958878802 -4.029957872571632
 0.9546016062754404 4.799106354475283 -3.065212054834216
 0.8281970939277301 4.163627957566731 -2.327249206928511
 0.7390938534029230 3.715675717599983 -1.643395618040552
 0.6577437521230718 3.306701140747343 -0.7942583034572898
 0.6632220654961554 3.334242481918092 0.1859502771670040
 0.6892989134474006 3.465339649453544 0.9971106781468613
 0.7430156800961799 3.735392071816262 1.900367769404180
 0.8777433301184748 4.412713707454659 2.596843921466426
 1.004949704952367 5.052223339307247 3.097759096719827
 1.164691486686804 5.855299507163324 3.569008869363484
 1.355850544249725 6.816320986526959 3.604717072742895
 1.515449412581633 7.618678680190549 3.524114968346359
 1.695012737739970 8.521404476096496 3.307358124270046
 1.839429326750097 9.247435697345221 2.662835781300363
 1.945155200525757 9.778955557917108 2.043021019394597
 2.047830436404904 10.29513882611568 1.250882939860856
 2.066562666412826 10.38931210581009 0.2157573531534218
 2.051310562580591 10.31263460187629 -0.8553965527830055
 2.053840867810419 10.32535530528534 -2.698976458528550
 1.962202406654632 9.864657650519206 -3.247838497759547
 1.740933032859634 8.752261389241667 -2.933675181540140
 1.776867761813478 8.932917471250160 -3.572168984354749
 1.880438122293625 9.453600834705711 -3.665149121236003
 2.134355542650548 10.73012990980479 -2.139953530944124
 2.198204079093669 11.05111817857974 -1.767048719506529
 2.191224782183278 11.01603088359485 -1.281876814825804
 2.192346824344793 11.02167177046526 -0.5656793886176605
 2.197175066536834 11.04594498311486 0.2587963958549517
 2.187259595762910 10.99609654531009 1.032071835527409
 2.193406437986965 11.02699880797495 1.599744790701126
 2.117071824132680 10.64323878912914 1.979303913570649
 2.031404863974883 10.21256189715746 2.565568903820385
 1.932459148163174 9.715128192480593 3.128395546489895
 1.825310453880199 9.176455330182071 3.639133169042367
 1.755061786076931 8.823291428265476 4.070911758473778
 1.649223459643597 8.291206230006667 4.080180995265920
 1.508905000332979 7.585777698040144 4.206845621942587
 1.361697781748801 6.845717034525896 4.270391810117583
 1.215747267850691 6.111974252109873 4.267996317953877
 1.107008672139240 5.565308415571389 4.336931620411733
 1.028448373984840 5.170359126146589 3.972639814649144
 0.9091531670017948 4.570621620859400 3.572927221577534
 0.7932959133067038 3.988167873908830 3.103163266183655
 0.6870233749572127 3.453899744935970 2.588723894937911
 0.5984377327822777 3.008549647594591 2.258172137482071
 0.5897371141457937 2.964808683917468 1.717653005162327
 0.5559900328928564 2.795150649590597 1.008311346638564
 0.5340408591120577 2.684804701422855 0.2599819566036286
 0.5250148290210771 2.639427783889351 -0.4872357700808277
 0.5045030809692126 2.536308262855678 -1.039928282414435
 0.5703243268757323 2.867214011822452 -1.465606196344814
 0.6403015591724457 3.219013315297388 -2.102015274478970
 0.7241279911464306 3.640437247244198 -2.725572540140736
 0.8173474019505030 4.109082872612216 -3.303942408631267
 0.8757149863977343 4.402516534963773 -3.779862796403775
 0.9798857059501247 4.926218107292675 -3.864041692747612
 2.088363014127928 10.49890985482031 -1.636234629441266
 1.998817252265286 10.04873290985574 -2.234970383465366
 1.952684089703308 9.816805839811254 -1.718214472007000
 1.902574344438833 9.564887138502797 -2.834320521019078
 1.858149972900240 9.341550741053956 -2.348303036292923
 3.498499426467123E-16 5.713671851443885 -4.095915026639523
 3.529224170157997E-16 5.763850822988451 -3.409636563141936
 5.030283899988393E-16 8.215348359556216 -3.354869867852608
 5.091769360152223E-16 8.315765052597069 -4.029957872571633
 2.996076843620428E-16 4.893126406324351 -3.065212054834217
 2.599348376074951E-16 4.245198251603995 -2.327249206928511
 2.319692283027389E-16 3.788470108434287 -1.643395618040553
 2.064369902393956E-16 3.371483245943347 -0.7942583034572903
 2.081563931537944E-16 3.399564153886241 0.1859502771670035
 2.163407749721076E-16 3.533229666771543 0.9971106781468608
 2.332001181381545E-16 3.808572728865308 1.900367769404180
 2.754852337061170E-16 4.499163879825414 2.596843921466425
 3.154097500169304E-16 5.151202246051370 3.097759096719826
 3.655457072651650E-16 5.970011606165246 3.569008869363483
 4.255421730208825E-16 6.949860609372687 3.604717072742895
 4.756332760039297E-16 7.767937419552502 3.524114968346358
 5.319903486228870E-16 8.688348659344772 3.307358124270046
 5.773163982883691E-16 9.428603673113161 2.662835781300363
 6.104991249995363E-16 9.970536623364374 2.043021019394597
 6.427243899277010E-16 10.49683251963471 1.250882939860856
 6.486036174700765E-16 10.59285076295061 0.2157573531534218
 6.438166492932115E-16 10.51467105790623 -0.8553965527830056
 6.446108014145299E-16 10.52764097462828 -2.698976458528550
 6.158494972590614E-16 10.05791771922142 -3.247838497759547
 5.464027204391307E-16 8.923728326798855 -2.933675181540141
 5.576810598628879E-16 9.107923670691271 -3.572168984354750
 5.901872652453302E-16 9.638807824296720 -3.665149121236003
 6.698808356648739E-16 10.94034558246358 -2.139953530944124
 6.899200981465989E-16 11.26762238319512 -1.767048719506529
 6.877296021616232E-16 11.23184768746308 -1.281876814825803
 6.880817621114469E-16 11.23759908584060 -0.5656793886176605
 6.895971361200252E-16 11.26234783883945 0.2587963958549517
 6.864851036046743E-16 11.21152281240320 1.032071835527409
 6.884143284800377E-16 11.24303048618493 1.599744790701126
 6.644562325128770E-16 10.85175216409587 1.979303913570650
 6.375691212923580E-16 10.41263781299691 2.565568903820385
 6.065143895623789E-16 9.905458805913572 3.128395546489895
 5.728851017364416E-16 9.356232718347233 3.639133169042366
 5.508371179998812E-16 8.996149926554722 4.070911758473777
 5.176190973188058E-16 8.453640562996521 4.080180995265919
 4.735792712898797E-16 7.734391869055579 4.206845621942586
 4.273773650795341E-16 6.979832559998671 4.270391810117582
 3.815698834945456E-16 6.231714906648122 4.267996317953876
 3.474415951617813E-16 5.674339253218930 4.336931620411732
 3.227849542572401E-16 5.271652449780746 3.972639814649143
 2.853434074541354E-16 4.660165392144013 3.572927221577534
 2.489808837919701E-16 4.066300701687907 3.103163266183654
 2.156265829853772E-16 3.521565641274677 2.588723894937910
 1.878234251598723E-16 3.067490619718193 2.258172137482070
 1.850926815857385E-16 3.022892719901487 1.717653005162327
 1.745009490748119E-16 2.849910888182806 1.008311346638563
 1.676120636100334E-16 2.737403135086862 0.2599819566036280
 1.647791876157303E-16 2.691137231182954 -0.4872357700808283
 1.583414472058703E-16 2.585997479298344 -1.039928282414436
 1.789998568903255E-16 2.923386055145169 -1.465606196344814
 2.009626488955527E-16 3.282077514432058 -2.102015274478971
 2.272720988346208E-16 3.711757629302411 -2.725572540140737
 2.565295939247178E-16 4.189584565260650 -3.303942408631267
 2.748486253437735E-16 4.488766932914983 -3.779862796403775
 3.075432571757824E-16 5.022728425601325 -3.864041692747612
 6.554457929433548E-16 10.70459565880096 -1.636234629441266
 6.273412955491190E-16 10.24559922608586 -2.234970383465366
 6.128621139547990E-16 10.00912843611934 -1.718214472007000
 5.971348570091106E-16 9.752274355677914 -2.834320521019079
 5.831919901645339E-16 9.524562539532976 -2.348303036292923
