 2450 698 4
 519 520 87 89
 519 521 87 522
 519 520 89 496
 519 521 522 383
 519 497 212 496
 519 497 383 212
 369 523 524 525
 343 526 360 527
 523 524 124 528
 523 529 116 527
 525 369 344 524
 523 524 118 124
 523 525 526 114
 523 527 116 114
 530 367 531 532
 530 462 532 533
 530 533 478 462
 534 165 137 166
 535 536 349 531
 537 372 201 504
 530 341 531 367
 530 531 341 349
 530 536 349 350
 530 478 536 350
 538 103 539 540
 538 539 103 105
 538 541 539 105
 538 542 457 543
 538 541 443 539
 544 545 445 546
 544 547 153 546
 544 547 375 492
 544 492 15 153
 544 374 546 445
 544 373 491 203
 544 492 374 203
 548 483 27 518
 158 168 16 545
 199 537 180 26
 537 180 26 549
 549 537 168 26
 549 504 537 180
 549 537 504 545
 13 493 133 14
 550 153 547 152
 550 133 551 493
 550 492 547 153
 376 551 493 550
 552 415 235 416
 550 547 492 375
 550 547 375 376
 553 554 133 494
 553 494 208 378
 553 495 209 208
 209 553 380 495
 553 555 380 556
 553 555 556 132
 553 378 554 494
 553 555 379 380
 555 557 132 558
 555 557 92 132
 555 380 556 465
 553 556 380 495
 553 554 555 132
 555 433 554 379
 384 521 559 214
 519 521 383 497
 521 87 84 9
 559 214 385 384
 521 522 84 87
 560 19 192 18
 521 559 498 83
 521 84 559 83
 561 562 85 77
 563 564 77 82
 561 564 77 563
 565 566 393 392
 561 559 287 567
 561 567 287 276
 561 563 567 276
 561 559 567 86
 561 567 85 86
 562 568 77 561
 569 310 570 571
 110 570 90 572
 570 90 572 569
 569 573 311 574
 569 575 576 90
 246 510 405 245
 577 35 578 511
 577 579 578 70
 577 578 579 406
 577 511 406 245
 580 581 582 163
 580 20 581 163
 580 420 583 301
 583 195 185 580
 584 23 196 22
 580 583 195 21
 580 184 194 185
 580 583 420 185
 537 199 180 190
 549 180 26 2
 549 504 2 16
 537 585 168 199
 549 16 545 504
 66 586 67 587
 586 470 588 408
 586 588 67 587
 586 588 65 67
 586 589 590 65
 591 250 592 401
 581 194 193 20
 591 593 400 594
 591 63 593 64
 591 592 73 76
 591 76 595 592
 596 424 532 340
 596 313 584 423
 596 23 24 197
 596 197 198 188
 596 23 584 166
 560 19 581 193
 597 361 335 348
 560 183 192 193
 598 159 599 533
 463 599 444 600
 599 444 600 598
 598 599 462 533
 598 444 600 438
 598 533 462 455
 565 601 602 174
 565 169 566 603
 602 566 393 565
 604 406 302 405
 565 605 606 257
 565 603 392 257
 607 608 453 454
 558 140 146 149
 607 609 453 608
 607 609 608 610
 607 611 612 156
 607 612 613 148
 607 611 454 477
 607 611 477 612
 614 615 616 606
 614 616 59 54
 614 615 390 616
 390 614 593 615
 60 62 61 614
 62 615 614 60
 614 62 61 593
 596 197 584 23
 617 501 57 5
 617 616 390 391
 617 616 59 618
 619 617 219 501
 617 57 619 618
 617 220 219 501
 225 483 226 256
 620 283 621 304
 620 622 283 623
 620 529 334 527
 620 113 622 623
 112 624 623 620
 620 529 113 112
 620 624 623 306
 306 620 334 305
 625 622 274 277
 625 621 277 303
 625 94 626 622
 625 81 627 628
 625 622 621 68
 625 621 303 627
 548 42 27 483
 548 42 41 27
 548 629 630 395
 548 630 42 490
 548 178 41 42
 631 632 633 125
 631 125 633 124
 631 634 299 632
 631 124 524 528
 631 124 528 126
 631 634 126 528
 552 635 414 435
 552 414 635 516
 552 541 435 636
 97 541 96 636
 541 96 636 552
 552 637 450 416
 552 637 636 450
 569 571 337 310
 569 570 90 571
 570 638 285 279
 279 311 310 572
 639 47 174 46
 570 640 131 571
 90 570 131 571
 641 294 642 314
 641 643 535 138
 534 641 642 314
 642 534 644 165
 645 517 51 28
 641 534 165 137
 641 535 137 138
 40 178 629 646
 629 630 395 396
 629 646 647 396
 629 646 396 254
 629 505 646 254
 548 629 178 630
 28 51 645 17
 629 40 505 41
 629 41 548 178
 567 275 572 286
 589 590 449 409
 589 648 469 448
 469 470 649 589
 589 448 650 648
 589 648 649 469
 589 648 651 649
 649 100 651 589
 586 589 65 588
 565 605 601 170
 605 652 171 53
 601 647 176 605
 653 601 647 176
 175 601 176 170
 601 176 170 605
 605 647 176 171
 258 605 397 647
 646 253 652 397
 646 506 40 52
 646 171 40 178
 654 89 92 91
 646 52 652 506
 595 77 594 265
 644 313 314 422
 534 313 314 644
 596 534 584 313
 584 187 422 196
 566 655 173 602
 603 502 55 169
 566 603 502 392
 222 566 223 503
 222 566 502 392
 566 602 173 169
 566 169 172 4
 560 656 356 419
 581 184 420 419
 184 420 580 581
 580 194 581 20
 655 231 264 394
 581 162 20 19
 586 65 33 66
 434 589 448 650
 586 590 513 65
 590 409 241 410
 590 409 513 241
 589 100 650 101
 590 514 101 411
 590 240 513 514
 543 105 109 106
 590 32 101 514
 590 65 32 513
 568 564 265 77
 568 80 499 562
 542 657 658 481
 542 658 457 481
 638 110 130 111
 109 543 659 542
 542 109 657 659
 542 659 480 461
 542 461 543 659
 561 568 564 267
 561 276 269 563
 563 95 567 626
 563 85 567 95
 563 564 82 628
 660 657 117 119
 660 123 661 119
 660 307 633 319
 660 320 661 662
 660 661 123 662
 660 633 662 121
 663 545 158 546
 663 545 546 445
 663 585 365 463
 663 599 600 160
 653 601 175 639
 260 259 228 488
 653 601 258 647
 653 262 601 639
 130 570 131 110
 570 664 638 130
 664 111 623 638
 664 624 665 308
 664 624 128 665
 664 640 665 130
 595 402 666 266
 595 666 76 79
 76 591 74 64
 595 592 402 401
 650 430 667 668
 650 104 648 669
 103 668 104 101
 668 104 101 650
 650 667 101 668
 434 650 430 667
 650 100 648 104
 570 309 640 310
 640 335 665 597
 583 670 328 300
 640 571 310 336
 640 309 665 335
 660 525 524 121
 528 523 343 529
 524 525 345 344
 580 581 329 582
 555 557 465 654
 524 633 318 319
 557 671 672 140
 557 467 672 447
 558 555 557 433
 557 671 558 447
 557 433 447 558
 557 466 673 467
 465 466 654 557
 554 377 551 494
 554 551 558 146
 554 558 428 433
 555 558 554 433
 553 12 494 133
 554 558 132 146
 559 88 573 86
 559 562 287 385
 674 675 315 676
 674 139 676 677
 674 678 144 677
 674 677 144 139
 674 613 148 144
 615 652 53 679
 391 615 606 616
 615 390 616 391
 614 616 390 618
 615 593 390 399
 615 593 399 679
 615 398 652 679
 643 134 680 681
 643 675 324 682
 643 296 675 681
 641 643 135 680
 313 584 644 534
 641 535 643 323
 643 138 675 682
 585 198 167 25
 585 168 199 25
 585 599 160 167
 652 606 257 398
 575 91 90 88
 646 506 652 253
 654 466 465 363
 615 53 652 606
 536 156 154 145
 614 60 606 54
 398 391 615 606
 616 603 391 502
 616 603 55 54
 583 195 644 421
 583 421 301 420
 580 194 21 195
 583 164 195 21
 593 618 400 594
 591 594 400 401
 593 679 62 63
 563 626 82 95
 567 573 287 286
 559 573 567 86
 567 573 93 86
 567 93 572 95
 537 372 464 425
 663 585 160 168
 545 372 202 373
 663 545 445 464
 544 445 545 373
 544 545 491 373
 663 585 425 365
 570 638 572 110
 679 506 39 507
 593 615 614 62
 679 253 506 252
 679 253 652 506
 652 679 52 53
 398 679 253 652
 531 534 166 532
 531 534 532 340
 531 340 532 367
 530 154 536 533
 530 531 536 154
 670 683 321 316
 670 123 683 122
 670 680 122 683
 670 683 123 661
 670 582 684 120
 670 684 328 342
 581 184 419 193
 670 680 642 122
 643 535 324 323
 680 683 134 122
 626 638 275 274
 626 628 82 94
 563 626 567 275
 626 268 628 271
 626 638 95 572
 654 363 673 466
 555 654 556 92
 555 557 446 465
 654 89 520 556
 520 574 575 654
 654 91 520 89
 547 155 546 600
 550 205 376 375
 550 547 551 152
 547 551 685 427
 547 546 155 153
 547 685 152 686
 547 546 375 432
 671 436 610 558
 574 339 311 338
 639 173 47 485
 557 672 671 447
 671 558 447 439
 667 687 98 539
 653 176 45 175
 667 429 687 539
 667 668 430 429
 667 687 412 515
 650 101 667 434
 667 412 411 514
 688 224 394 223
 560 192 645 18
 645 637 417 471
 645 517 637 51
 645 192 418 182
 655 48 484 49
 655 602 393 264
 655 639 173 602
 655 639 602 264
 688 484 655 394
 655 485 264 231
 655 485 48 173
 655 231 484 485
 644 421 186 422
 551 133 494 493
 644 164 22 195
 644 186 421 195
 583 644 642 300
 644 165 22 164
 583 642 644 164
 633 319 307 290
 103 667 539 668
 687 635 516 30
 413 539 431 635
 687 516 635 237
 667 515 412 514
 687 238 413 412
 654 574 575 576
 644 642 165 164
 687 635 413 237
 569 337 576 574
 571 362 576 337
 571 689 362 336
 571 129 576 689
 571 689 336 597
 571 90 576 129
 584 22 165 23
 680 683 291 681
 680 683 316 292
 641 680 294 295
 641 680 135 642
 583 670 642 122
 641 165 642 135
 680 316 642 294
 670 316 328 300
 564 690 269 266
 595 266 666 690
 564 690 79 82
 631 633 524 124
 596 188 423 197
 595 594 77 74
 591 595 401 592
 568 387 691 265
 568 562 386 272
 561 568 267 272
 552 415 416 450
 560 356 656 471
 97 636 96 161
 636 96 161 637
 592 402 401 249
 637 656 161 636
 637 416 517 417
 637 471 636 450
 560 161 162 19
 656 472 636 471
 656 473 636 472
 656 636 106 161
 648 526 468 692
 637 656 636 471
 581 355 656 419
 581 582 656 355
 546 160 600 155
 546 600 445 432
 544 545 546 158
 544 545 158 491
 691 568 80 499
 499 568 387 691
 562 498 83 499
 559 287 567 573
 561 562 86 85
 83 521 9 498
 559 573 522 312
 521 498 213 497
 559 384 385 287
 523 116 529 528
 559 573 312 287
 529 624 317 528
 675 676 136 681
 675 676 681 278
 675 681 296 278
 653 639 487 260
 565 603 54 169
 605 397 652 257
 565 174 602 169
 601 174 639 602
 264 602 262 639
 567 275 626 572
 624 665 308 322
 624 634 317 528
 664 128 624 112
 664 623 111 112
 664 624 284 623
 421 185 195 186
 624 128 634 126
 624 634 293 317
 624 284 623 306
 531 534 340 341
 531 532 166 154
 584 644 534 165
 693 327 322 299
 314 534 644 642
 671 610 149 558
 671 147 609 672
 609 678 474 672
 610 608 436 609
 607 609 613 476
 609 613 476 475
 691 619 56 58
 386 499 568 387
 691 56 7 80
 545 464 373 445
 499 387 217 691
 693 127 128 139
 691 388 387 217
 691 7 56 500
 539 687 413 429
 552 635 435 541
 687 237 515 516
 635 541 431 435
 635 237 414 413
 625 274 626 271
 625 628 282 271
 620 283 622 621
 622 623 111 638
 626 622 94 638
 421 195 185 583
 577 70 578 35
 577 70 604 579
 594 401 389 400
 577 35 510 72
 577 406 604 405
 34 578 35 511
 578 511 34 512
 578 244 406 511
 578 512 244 511
 643 324 675 296
 682 324 535 536
 674 612 682 148
 674 682 351 315
 674 675 676 143
 682 612 351 350
 682 612 145 148
 90 575 93 569
 569 572 93 90
 561 559 86 562
 559 312 522 384
 559 522 573 88
 521 559 522 384
 575 573 574 522
 577 604 406 579
 577 405 604 510
 604 302 627 281
 604 579 302 406
 604 579 70 69
 604 69 627 579
 666 402 248 403
 537 663 545 168
 694 690 78 666
 695 694 690 78
 666 690 266 403
 666 75 694 509
 547 685 551 152
 590 650 434 101
 551 685 426 428
 551 493 494 377
 377 376 551 493
 551 685 146 152
 604 695 694 404
 695 281 627 273
 695 694 404 270
 604 695 627 71
 678 474 672 479
 678 672 147 142
 674 678 352 613
 650 104 101 100
 259 653 488 260
 650 669 442 668
 648 102 651 526
 648 651 102 100
 651 526 649 648
 648 460 692 468
 648 669 692 460
 552 636 435 450
 635 541 96 98
 635 539 541 98
 538 443 541 543
 541 636 97 543
 538 541 105 543
 541 539 105 98
 685 558 608 436
 624 529 620 112
 640 597 336 335
 624 665 693 128
 665 693 141 597
 665 693 128 141
 664 308 665 309
 663 463 365 464
 685 428 558 436
 598 157 686 600
 588 65 67 100
 599 532 159 167
 598 533 157 159
 599 532 366 462
 598 686 611 438
 622 623 638 285
 622 623 285 283
 238 515 687 237
 529 112 624 126
 620 306 623 305
 537 201 180 504
 529 527 343 334
 620 305 623 283
 681 295 680 643
 683 320 661 321
 680 294 292 316
 680 292 294 295
 670 661 123 120
 607 609 610 613
 609 613 475 474
 609 608 436 453
 610 613 147 150
 610 558 436 608
 436 671 439 558
 607 150 610 608
 625 621 622 277
 621 627 696 303
 621 696 331 303
 621 697 99 113
 620 697 621 113
 620 304 305 283
 622 277 621 283
 625 68 627 81
 639 260 261 487
 602 262 639 601
 601 175 639 174
 67 100 651 649
 588 649 67 696
 588 649 358 470
 588 587 408 357
 589 590 65 101
 648 104 100 102
 470 649 589 588
 669 692 115 104
 605 263 258 257
 669 441 540 459
 669 692 460 459
 669 540 441 668
 669 540 668 103
 648 669 460 448
 648 669 104 692
 695 627 71 81
 695 273 627 628
 690 82 628 81
 695 628 690 270
 690 270 628 269
 690 403 694 270
 604 694 510 404
 625 628 94 81
 695 628 270 273
 695 81 71 78
 604 627 695 281
 627 282 628 273
 641 323 643 295
 672 689 140 142
 682 536 350 324
 675 676 143 136
 675 325 296 324
 531 349 323 341
 535 536 324 349
 641 535 534 137
 535 145 536 137
 651 99 102 100
 671 447 672 456
 557 672 673 140
 678 689 142 597
 672 689 479 467
 672 673 689 467
 614 615 606 60
 679 39 63 507
 565 54 606 170
 565 263 605 257
 565 605 170 606
 615 606 652 398
 605 652 606 257
 606 603 257 391
 685 608 149 151
 685 558 149 608
 685 608 437 436
 685 686 427 437
 547 376 551 427
 685 151 686 608
 674 675 143 682
 675 682 315 325
 676 298 632 280
 676 632 298 693
 676 632 139 136
 580 301 329 420
 670 684 582 328
 582 684 120 108
 582 684 659 354
 580 301 328 329
 522 520 339 574
 559 562 498 83
 521 384 383 213
 521 522 559 84
 522 575 88 87
 578 587 512 66
 560 18 645 161
 560 471 418 356
 517 96 516 552
 560 418 183 419
 636 543 106 97
 634 693 624 322
 634 528 288 317
 631 126 634 127
 670 316 342 328
 684 119 661 120
 670 680 316 642
 575 654 91 520
 560 419 581 656
 520 574 364 339
 649 99 697 651
 648 468 649 469
 588 357 331 587
 649 99 651 67
 589 651 648 100
 101 411 434 590
 588 696 331 649
 649 697 332 359
 625 282 627 303
 697 360 527 333
 697 114 527 526
 697 359 526 360
 619 618 57 58
 619 56 57 6
 691 619 58 594
 691 619 500 56
 547 686 152 155
 686 157 611 151
 547 686 432 427
 686 600 432 438
 598 599 160 600
 598 438 611 455
 686 454 611 438
 604 510 694 72
 554 494 378 377
 694 510 404 247
 587 407 512 408
 564 82 79 77
 694 247 403 509
 635 414 435 431
 538 539 440 540
 538 105 542 543
 541 543 443 435
 103 538 107 540
 541 543 97 105
 538 440 539 443
 556 132 11 495
 654 520 381 556
 519 89 87 10
 556 11 496 495
 556 495 496 210
 520 382 364 381
 556 380 210 381
 520 556 89 496
 77 595 79 564
 666 592 76 75
 592 508 249 250
 591 508 592 250
 591 38 63 73
 593 618 390 400
 592 402 249 248
 554 558 551 428
 248 592 666 509
 586 408 409 470
 592 37 75 509
 592 37 73 75
 684 342 661 347
 582 684 354 328
 683 662 661 320
 683 661 662 123
 670 342 316 321
 670 300 642 316
 670 684 342 661
 538 543 457 443
 542 658 109 107
 684 368 659 354
 684 480 659 368
 660 662 123 121
 657 658 117 109
 657 371 658 481
 684 657 109 659
 542 657 481 480
 523 528 124 116
 660 319 524 345
 660 524 633 121
 527 523 343 526
 525 698 115 117
 525 692 370 369
 525 370 698 345
 675 676 278 297
 643 680 134 135
 681 662 125 134
 681 662 291 290
 683 681 662 291
 680 683 681 134
 643 681 138 134
 632 633 290 289
 634 693 632 127
 675 143 682 138
 676 136 139 143
 679 399 252 507
 676 280 278 297
 512 243 242 408
 631 632 125 127
 676 632 693 139
 634 128 693 127
 693 677 139 141
 693 677 348 327
 676 327 693 298
 624 634 128 693
 657 119 109 117
 538 457 658 458
 586 66 33 512
 658 698 117 107
 611 477 533 455
 611 612 156 533
 611 608 151 150
 611 533 156 157
 535 349 324 323
 641 295 294 323
 154 536 137 531
 674 675 682 315
 536 156 612 533
 682 536 612 350
 531 166 534 137
 536 145 612 156
 604 281 695 404
 571 689 131 129
 576 673 363 362
 576 574 337 338
 576 673 362 689
 576 673 129 92
 569 573 93 572
 569 574 311 337
 649 469 358 470
 651 526 102 114
 449 434 589 448
 114 651 697 99
 649 526 697 359
 526 649 648 468
 649 588 358 331
 557 558 671 140
 685 436 426 428
 671 610 147 149
 661 346 347 320
 545 491 504 16
 452 609 671 436
 551 685 428 558
 67 579 70 587
 579 407 587 330
 577 604 72 510
 604 579 627 302
 579 696 67 69
 604 71 69 70
 654 576 673 363
 612 148 156 145
 654 556 381 465
 654 465 364 363
 569 572 570 310
 569 574 576 575
 673 140 689 129
 523 529 527 343
 638 279 572 275
 638 572 110 95
 570 572 638 279
 526 523 343 369
 620 529 527 113
 553 132 556 495
 697 113 527 114
 620 697 527 333
 620 305 304 333
 697 526 527 360
 579 696 587 67
 621 696 627 68
 579 696 302 330
 587 357 331 330
 674 677 676 326
 676 693 677 139
 640 597 571 336
 665 322 693 348
 678 613 474 352
 678 597 677 348
 674 139 144 143
 675 138 681 136
 620 697 333 304
 606 391 257 398
 651 99 100 67
 606 170 54 60
 616 606 603 54
 617 502 5 55
 565 603 566 392
 565 606 54 603
 565 601 174 170
 664 665 640 309
 557 447 446 466
 571 689 576 362
 576 673 689 129
 689 361 597 479
 689 597 361 336
 689 597 131 142
 673 362 689 467
 649 332 696 331
 588 470 358 357
 586 408 587 512
 579 696 330 587
 578 579 407 587
 587 579 70 578
 330 587 696 331
 531 534 535 137
 584 23 165 166
 584 423 187 197
 596 532 167 166
 596 167 198 24
 585 365 366 424
 672 447 467 456
 641 534 535 323
 584 644 165 22
 532 154 533 159
 596 340 423 424
 585 198 199 189
 609 475 453 452
 672 689 673 140
 527 360 343 334
 527 360 334 333
 649 469 468 359
 526 692 369 468
 525 526 115 692
 526 115 692 102
 656 582 108 659
 636 543 451 473
 543 659 461 473
 636 473 451 472
 538 107 542 105
 106 109 543 659
 542 105 107 109
 538 443 457 440
 538 540 440 458
 539 98 103 105
 631 633 632 289
 624 634 528 126
 631 318 524 633
 620 623 112 113
 524 343 344 318
 524 124 633 121
 523 526 525 369
 612 476 613 351
 607 148 613 150
 609 474 475 452
 610 608 150 149
 674 612 613 351
 607 608 611 150
 609 678 672 147
 607 453 609 476
 607 610 150 613
 682 612 536 145
 607 150 156 148
 536 533 154 156
 520 91 87 89
 576 575 91 90
 522 312 574 339
 573 311 574 312
 519 10 87 497
 363 576 338 364
 522 520 574 575
 256 518 395 255
 654 576 92 673
 178 646 647 629
 630 227 489 490
 630 489 43 490
 548 42 630 178
 630 490 43 42
 518 629 41 548
 667 98 687 50
 526 360 468 369
 596 585 167 532
 648 468 448 460
 525 692 698 370
 692 698 370 459
 669 115 698 107
 523 527 114 526
 525 526 692 369
 663 600 463 445
 546 374 432 445
 600 463 445 444
 663 545 168 158
 598 160 599 159
 686 608 454 437
 686 155 600 157
 547 600 686 155
 686 427 438 432
 598 600 686 438
 567 573 286 572
 664 638 130 111
 625 271 626 628
 626 638 572 275
 567 286 276 275
 637 51 96 161
 567 276 286 287
 561 562 272 287
 567 95 85 93
 669 103 668 104
 667 50 101 98
 688 224 232 394
 541 539 431 443
 667 430 434 411
 549 26 16 2
 618 390 614 593
 614 61 60 59
 618 58 594 61
 618 390 389 219
 617 390 618 219
 617 616 618 390
 618 400 594 389
 580 185 194 195
 689 336 361 362
 665 348 693 597
 672 689 678 479
 624 293 634 322
 693 677 141 597
 631 289 288 318
 681 633 662 290
 633 662 290 307
 633 662 121 125
 676 632 681 278
 681 632 136 125
 631 528 524 318
 524 344 345 319
 633 290 289 319
 660 346 320 307
 660 662 633 307
 683 662 134 123
 683 321 292 291
 660 662 307 320
 278 632 681 290
 670 680 683 316
 625 628 626 94
 631 289 299 288
 618 57 58 59
 619 501 218 500
 619 618 58 594
 691 265 594 77
 593 618 594 61
 593 594 64 61
 595 690 564 266
 636 435 450 451
 591 595 594 401
 654 381 520 364
 594 388 401 265
 551 428 426 377
 547 685 686 427
 686 427 437 438
 686 608 611 454
 611 157 150 151
 607 611 608 454
 453 609 452 436
 685 149 558 146
 393 565 263 602
 611 455 438 454
 565 169 54 170
 645 192 191 18
 566 655 602 393
 601 602 262 263
 565 602 566 169
 639 486 261 485
 655 264 393 394
 639 262 264 261
 655 173 639 485
 653 44 488 45
 653 647 630 177
 605 53 171 170
 605 652 53 606
 581 419 329 355
 629 630 647 178
 171 178 646 647
 646 647 652 171
 581 420 329 419
 656 106 108 162
 581 582 355 329
 543 451 473 461
 542 543 105 109
 684 657 661 119
 542 659 657 480
 658 109 107 117
 538 458 658 540
 657 658 698 117
 658 459 540 458
 660 346 345 371
 669 459 658 698
 669 540 658 459
 663 599 585 463
 532 366 462 367
 599 444 462 463
 536 350 478 477
 611 612 533 477
 607 612 477 476
 598 455 462 444
 625 81 94 68
 622 638 274 285
 695 628 627 81
 563 564 628 269
 563 276 269 268
 627 696 303 302
 573 522 575 88
 573 286 311 312
 573 572 311 286
 576 129 90 91
 519 522 520 383
 574 339 338 364
 575 93 569 573
 569 571 90 576
 622 277 283 274
 625 68 621 627
 578 407 244 512
 578 406 244 407
 686 611 608 151
 598 533 611 157
 598 438 455 444
 598 159 157 160
 577 510 511 245
 578 587 66 70
 214 521 559 498
 229 486 261 487
 229 260 228 488
 80 568 77 562
 564 269 690 628
 560 192 183 418
 663 600 599 463
 599 462 366 463
 599 532 533 159
 663 463 464 445
 536 477 533 612
 596 584 534 166
 631 634 632 127
 343 523 524 369
 590 449 410 434
 523 525 114 118
 596 24 166 167
 596 198 585 424
 585 532 424 366
 663 445 546 600
 585 199 425 189
 585 424 189 425
 586 512 587 66
 537 663 168 585
 566 4 503 502
 668 430 429 441
 566 503 4 172
 565 169 170 174
 565 602 601 263
 566 688 655 393
 392 565 263 393
 602 173 169 174
 392 502 391 603
 667 50 687 515
 687 412 413 429
 582 659 473 354
 667 412 429 430
 667 103 98 101
 667 539 668 429
 593 679 507 399
 50 31 30 515
 101 667 514 31
 589 470 409 449
 590 409 410 449
 586 512 513 242
 586 513 512 33
 65 32 513 33
 564 690 82 628
 564 267 266 269
 595 564 265 266
 561 267 269 272
 74 77 595 79
 520 383 339 382
 519 87 521 497
 521 87 9 497
 519 497 496 10
 519 382 520 496
 520 575 87 91
 522 520 575 87
 624 322 308 293
 678 677 597 141
 634 632 693 299
 632 693 139 127
 422 584 644 313
 534 341 314 313
 531 323 534 341
 596 534 340 532
 584 23 197 196
 584 644 22 196
 601 262 258 263
 605 397 647 652
 605 606 53 170
 614 616 618 59
 653 487 639 175
 666 509 592 75
 604 404 510 405
 577 72 70 35
 393 222 566 223
 229 488 487 260
 489 653 488 259
 696 303 302 330
 621 332 697 304
 640 141 665 130
 565 605 263 601
 640 597 665 141
 664 623 285 638
 571 337 336 362
 660 525 698 345
 583 642 670 300
 661 657 347 346
 667 101 668 103
 412 515 687 238
 198 424 188 189
 199 190 425 189
 505 254 629 255
 646 254 505 506
 648 526 692 102
 692 468 460 369
 663 158 168 160
 596 167 585 198
 589 449 469 470
 643 681 295 296
 607 613 612 476
 591 593 594 64
 614 616 54 606
 604 281 405 302
 604 72 71 70
 627 282 281 302
 695 78 71 72
 695 81 690 628
 627 579 69 696
 695 690 694 270
 695 78 690 81
 695 270 404 281
 595 690 666 79
 694 404 270 403
 666 78 694 75
 690 79 81 78
 644 314 300 421
 580 581 420 329
 644 422 314 421
 583 164 21 163
 670 583 328 163
 583 164 644 195
 538 542 658 457
 429 539 431 413
 657 658 371 698
 698 370 459 371
 525 345 344 370
 552 516 415 414
 669 540 103 107
 658 698 459 371
 669 692 459 698
 676 693 327 677
 676 326 677 327
 693 128 141 139
 674 613 352 351
 693 299 298 327
 674 143 676 139
 652 253 398 397
 646 171 652 52
 679 39 506 52
 646 171 52 40
 586 590 409 513
 244 512 407 243
 244 406 511 245
 512 243 408 407
 553 495 12 132
 553 12 133 132
 494 493 207 377
 553 555 554 379
 494 207 378 377
 553 494 495 208
 550 133 14 152
 12 132 495 11
 493 206 207 377
 14 15 492 153
 228 227 489 259
 521 497 213 383
 521 498 214 213
 561 564 269 267
 559 384 287 312
 561 563 269 564
 521 384 522 383
 559 522 88 84
 77 562 85 80
 569 571 576 337
 573 574 522 312
 590 32 65 101
 632 289 280 298
 676 280 297 298
 580 583 328 301
 583 670 122 163
 684 368 347 480
 493 206 376 205
 493 376 206 377
 630 396 259 395
 548 629 395 518
 183 419 184 193
 409 242 513 241
 589 590 101 650
 586 409 589 470
 589 590 650 434
 586 589 409 590
 589 588 649 100
 650 430 668 442
 65 66 586 67
 586 588 587 408
 185 420 580 184
 331 587 696 588
 586 33 65 513
 697 332 359 333
 529 624 528 126
 536 350 324 349
 533 478 462 455
 594 61 58 74
 619 58 57 56
 619 594 388 389
 691 619 594 388
 83 7 80 499
 84 83 521 9
 559 562 385 498
 555 556 132 92
 682 535 145 536
 558 140 132 146
 555 446 379 380
 554 378 379 433
 12 13 494 133
 553 379 554 378
 670 122 163 120
 684 354 342 368
 684 120 108 119
 670 122 120 123
 539 540 103 668
 659 108 106 109
 582 354 473 355
 656 659 636 473
 661 347 342 321
 582 659 684 108
 582 162 108 163
 656 582 162 108
 656 582 473 355
 674 144 678 613
 676 298 297 326
 682 315 325 351
 643 682 324 535
 547 375 376 427
 375 544 374 546
 686 152 155 151
 551 377 426 376
 551 685 427 426
 685 146 152 151
 596 424 423 188
 646 40 505 629
 605 601 258 263
 605 170 171 176
 647 258 396 397
 254 629 255 396
 653 177 630 489
 653 44 176 177
 653 258 262 259
 653 177 489 44
 605 601 647 258
 239 514 240 411
 647 171 178 177
 646 254 253 397
 518 395 255 629
 590 32 514 513
 502 222 392 221
 616 603 502 55
 502 391 220 221
 617 616 502 55
 559 86 562 83
 556 496 11 89
 556 11 132 89
 630 490 395 227
 694 510 36 72
 632 280 278 676
 674 353 326 352
 417 28 645 233
 632 289 298 299
 660 525 121 117
 524 344 319 318
 560 161 645 637
 656 659 108 106
 617 502 391 220
 595 666 402 592
 666 509 403 248
 564 266 267 265
 595 266 265 402
 236 516 415 235
 204 375 492 374
 652 679 506 52
 506 52 39 40
 646 253 254 506
 550 153 14 492
 551 426 427 376
 550 152 551 133
 596 584 197 423
 685 152 686 151
 686 438 437 454
 556 465 380 381
 648 448 468 469
 649 469 359 358
 649 526 359 468
 585 366 599 532
 530 367 349 341
 532 367 340 366
 609 456 474 452
 599 533 532 462
 530 367 462 478
 596 188 198 424
 201 179 190 180
 537 190 201 425
 537 201 372 425
 537 199 190 425
 614 593 61 618
 691 594 265 388
 691 80 7 499
 619 56 6 500
 56 7 6 500
 691 77 56 80
 619 219 218 501
 562 83 86 80
 6 501 5 57
 39 38 63 507
 679 252 506 507
 37 36 75 509
 37 38 508 73
 542 658 657 109
 657 480 346 481
 660 524 525 345
 659 461 368 480
 542 461 480 457
 684 109 657 119
 634 293 317 288
 664 624 623 112
 665 141 128 130
 306 529 620 624
 624 308 306 293
 631 632 299 289
 670 120 684 661
 606 53 170 60
 683 662 320 291
 680 135 122 134
 583 300 328 301
 583 164 163 122
 642 300 294 316
 678 677 141 144
 678 597 142 141
 665 597 335 348
 597 142 141 131
 678 141 142 144
 689 467 362 361
 609 474 678 613
 678 348 677 353
 672 142 140 147
 678 142 147 144
 672 456 474 609
 676 326 297 315
 675 325 297 296
 693 327 348 322
 677 144 139 141
 544 153 15 158
 653 176 647 177
 562 272 385 386
 639 47 173 174
 488 259 228 489
 653 489 630 259
 653 45 176 44
 50 98 687 30
 586 589 588 470
 32 101 514 31
 412 515 239 514
 671 456 452 439
 617 57 618 59
 446 433 447 557
 553 379 378 208
 11 10 89 496
 548 395 490 226
 548 630 490 395
 630 178 42 43
 548 226 490 483
 615 391 398 390
 605 257 258 397
 616 603 606 391
 565 263 257 392
 647 396 258 259
 625 622 626 274
 626 95 638 94
 628 282 271 273
 626 271 275 268
 570 279 285 310
 675 136 143 138
 591 401 400 250
 529 317 624 306
 652 53 52 171
 615 62 53 60
 632 280 289 290
 674 678 677 353
 631 528 318 288
 681 136 134 125
 524 369 344 343
 290 280 278 632
 582 108 120 163
 660 657 698 117
 641 314 323 294
 683 122 123 134
 536 477 612 350
 620 527 334 333
 526 102 114 115
 623 305 284 283
 621 304 303 331
 621 277 304 283
 522 384 312 383
 522 312 339 383
 567 573 572 93
 553 208 209 379
 555 554 558 132
 674 677 326 353
 494 493 133 13
 554 146 132 133
 494 208 378 207
 647 176 171 177
 503 222 566 502
 617 391 390 220
 592 248 249 509
 628 269 270 273
 664 285 623 284
 403 247 248 509
 592 75 73 76
 637 416 417 471
 416 235 517 234
 552 415 435 414
 552 416 235 517
 550 551 547 376
 550 14 493 492
 679 252 398 253
 629 630 396 647
 614 54 59 60
 615 606 60 53
 617 502 220 501
 646 397 652 647
 671 609 147 610
 558 436 428 439
 685 686 437 608
 547 546 432 600
 204 374 492 203
 554 377 378 428
 544 153 547 492
 547 427 432 375
 552 415 516 235
 552 636 637 96
 552 637 517 96
 636 450 471 472
 673 466 363 362
 552 517 637 416
 656 636 659 106
 645 471 417 418
 580 163 21 20
 164 195 21 22
 580 583 21 163
 510 405 404 246
 577 511 510 35
 604 404 405 281
 694 36 510 509
 694 36 509 75
 510 246 404 247
 618 389 390 400
 630 43 489 177
 605 652 647 171
 615 399 390 398
 603 54 169 55
 566 169 173 172
 679 53 62 52
 614 59 618 61
 617 219 220 390
 531 367 341 340
 679 63 39 52
 592 37 509 508
 592 509 249 508
 666 78 75 76
 666 690 403 694
 627 273 281 282
 625 303 277 282
 626 274 622 638
 522 84 87 88
 498 214 385 559
 83 498 9 8
 559 83 84 86
 661 320 347 321
 662 320 290 307
 660 119 121 123
 633 125 121 124
 634 293 288 299
 369 526 360 343
 529 527 113 116
 523 343 524 528
 660 657 371 698
 662 121 125 123
 683 321 291 320
 662 134 123 125
 670 163 582 120
 660 307 345 346
 611 150 157 156
 478 536 477 533
 611 455 454 477
 456 671 609 672
 685 426 437 427
 649 359 332 358
 546 155 153 158
 544 546 153 158
 15 158 16 491
 582 329 328 354
 163 583 328 580
 328 163 582 670
 581 162 582 163
 537 585 199 425
 532 366 340 424
 537 464 663 425
 585 198 25 199
 198 24 167 25
 532 167 166 159
 655 173 48 172
 630 489 227 259
 693 624 322 665
 630 177 178 43
 41 178 629 40
 483 226 256 548
 490 226 395 227
 667 101 514 411
 240 410 590 241
 593 507 679 63
 591 400 507 250
 237 238 413 687
 667 50 31 101
 618 619 617 219
 617 5 502 501
 549 537 545 168
 549 26 168 16
 537 545 464 372
 87 497 10 9
 521 497 9 498
 495 380 209 210
 555 654 465 556
 229 261 486 230
 688 484 482 49
 655 394 484 231
 655 484 48 485
 594 389 401 388
 596 534 532 166
 619 218 219 389
 619 218 389 388
 619 389 618 594
 619 388 500 218
 560 645 418 471
 183 418 192 182
 656 419 355 356
 560 419 356 418
 645 191 182 233
 17 51 645 18
 560 18 161 19
 653 259 647 258
 646 647 396 397
 565 257 606 603
 639 261 260 262
 639 486 487 261
 639 602 174 173
 653 601 176 175
 646 396 254 397
 548 395 256 518
 625 271 282 274
 628 81 82 94
 627 68 71 81
 690 81 79 82
 625 282 277 274
 690 269 266 270
 620 621 622 113
 622 283 285 274
 622 621 68 113
 69 68 696 99
 664 308 309 284
 691 500 499 7
 620 621 697 304
 644 422 186 196
 581 656 582 162
 580 163 582 328
 670 683 661 321
 185 583 420 421
 665 335 308 322
 319 633 318 289
 624 306 317 293
 634 322 293 299
 665 308 335 309
 634 299 693 322
 597 335 361 336
 632 139 136 127
 684 661 657 347
 675 297 278 296
 624 126 112 128
 657 347 346 480
 525 117 118 121
 698 371 345 370
 643 295 324 296
 681 136 138 134
 682 145 535 138
 530 350 349 478
 643 682 535 138
 291 681 295 680
 681 291 295 296
 643 681 675 138
 643 295 323 324
 681 278 291 296
 674 613 612 148
 529 126 116 113
 620 305 333 334
 529 306 334 317
 519 10 496 89
 213 497 212 383
 575 88 87 91
 214 215 498 385
 555 379 446 433
 201 372 202 504
 557 558 140 132
 574 654 364 576
 557 446 465 466
 554 428 551 377
 554 494 551 133
 566 173 655 172
 617 616 55 59
 602 263 393 264
 566 223 688 393
 503 172 3 4
 653 258 601 262
 619 618 389 219
 510 35 36 72
 561 568 77 564
 561 562 568 272
 636 451 450 472
 560 645 192 418
 645 233 418 417
 645 418 233 182
 28 234 417 517
 517 28 645 417
 560 637 645 471
 233 234 417 28
 387 499 216 386
 568 77 691 80
 512 33 34 66
 216 499 387 217
 679 63 52 62
 502 566 169 603
 617 616 391 502
 679 252 399 398
 252 251 507 399
 502 55 4 5
 187 422 196 186
 584 313 422 423
 584 534 166 165
 580 20 21 194
 165 641 642 534
 554 378 433 428
 557 673 672 467
 557 673 92 140
 554 551 146 133
 379 209 553 380
 452 436 671 439
 685 436 437 426
 553 554 132 133
 589 650 100 648
 669 104 107 103
 589 449 590 434
 412 238 239 515
 515 50 31 667
 686 157 151 155
 598 462 599 444
 682 324 350 325
 537 663 585 425
 558 433 447 439
 600 432 444 445
 541 435 443 431
 530 533 536 478
 541 636 543 435
 636 543 659 106
 538 658 107 540
 539 441 540 668
 543 451 461 443
 671 147 672 140
 674 143 144 148
 542 457 543 461
 660 524 319 633
 661 120 119 123
 659 354 368 473
 689 479 467 361
 636 161 97 106
 656 473 582 659
 552 635 96 516
 645 637 161 51
 543 443 461 457
 636 451 543 435
 552 517 235 516
 621 697 696 99
 621 331 696 332
 578 512 587 407
 648 102 692 104
 100 588 649 67
 688 3 172 49
 587 357 407 408
 586 512 242 408
 519 522 87 520
 212 496 211 382
 569 573 574 575
 520 382 339 364
 641 643 138 135
 645 17 191 28
 642 165 164 135
 642 135 164 122
 625 628 627 282
 68 696 99 621
 621 113 99 68
 523 524 525 118
 529 317 334 343
 622 111 623 113
 529 306 620 334
 578 66 35 70
 672 474 456 479
 577 245 406 405
 556 132 92 89
 655 48 49 172
 688 484 394 232
 688 394 655 393
 1 3 482 49
 688 49 655 484
 688 655 49 172
 615 593 679 62
 654 364 520 574
 566 222 393 392
 618 61 59 58
 595 265 564 77
 591 593 507 400
 591 64 73 63
 691 387 388 265
 691 619 388 500
 531 535 323 349
 83 499 498 8
 70 587 66 67
 568 265 267 387
 562 83 80 499
 568 267 272 386
 623 112 113 111
 626 94 82 95
 627 302 303 282
 560 162 581 19
 604 694 695 72
 638 94 95 111
 563 628 268 269
 637 517 96 51
 563 275 276 268
 622 94 638 111
 638 275 274 279
 689 142 129 140
 684 347 368 342
 672 456 467 479
 653 488 260 487
 557 467 447 466
 640 130 570 131
 522 520 383 339
 576 338 337 363
 640 335 336 309
 576 654 364 363
 576 362 363 337
 574 338 311 337
 570 664 285 638
 640 131 571 597
 608 437 453 454
 635 96 30 98
 637 450 416 471
 635 541 539 431
 552 415 450 435
 645 28 191 233
 667 101 411 434
 539 540 441 440
 98 687 30 635
 635 431 413 414
 98 103 667 539
 601 174 170 175
 635 30 96 516
 687 515 30 516
 650 648 448 669
 590 410 411 434
 687 539 635 98
 673 129 92 140
 635 687 413 539
 539 431 440 429
 650 442 434 430
 30 29 96 516
 673 467 466 362
 674 326 676 315
 640 309 336 310
 364 576 338 574
 570 640 571 310
 607 611 156 150
 666 403 266 402
 684 328 342 354
 658 371 458 481
 660 698 525 117
 525 117 115 118
 681 662 633 125
 659 368 461 473
 684 657 659 480
 689 678 479 597
 677 326 353 327
 631 634 528 288
 619 501 6 57
 681 632 125 633
 689 129 142 131
 678 672 142 689
 616 59 54 55
 557 92 132 140
 613 144 147 148
 452 671 609 456
 678 597 348 479
 597 361 348 479
 532 154 159 166
 613 475 474 352
 639 46 486 47
 674 315 351 352
 678 479 353 474
 678 353 479 348
 551 152 146 133
 546 155 158 160
 544 158 15 491
 537 663 464 545
 537 201 190 180
 535 137 138 145
 550 493 376 205
 550 152 14 153
 639 46 174 175
 688 503 172 3
 550 205 375 492
 663 160 546 158
 545 16 158 491
 610 149 150 147
 546 375 432 374
 663 600 546 160
 533 156 157 159
 549 180 2 504
 645 417 637 517
 560 637 471 656
 645 161 18 51
 560 193 192 19
 656 472 355 473
 560 581 162 656
 199 168 26 25
 168 16 545 549
 544 491 15 492
 585 365 424 425
 48 173 485 47
 688 482 484 232
 546 547 375 544
 688 393 223 394
 566 655 688 172
 566 688 503 172
 639 175 487 46
 639 486 485 47
 548 490 42 483
 581 193 19 20
 629 505 518 41
 629 518 505 255
 664 665 128 130
 629 396 395 255
 548 27 41 518
 241 240 513 590
 586 409 408 242
 613 150 148 147
 589 588 100 65
 685 146 151 149
 643 135 134 138
 240 590 411 514
 598 611 686 157
 592 73 37 508
 678 613 144 147
 694 404 403 247
 666 690 78 79
 577 72 604 70
 604 695 71 72
 591 64 594 74
 695 72 694 78
 402 248 592 666
 591 76 73 64
 695 273 270 281
 646 506 505 40
 645 182 191 192
 615 398 679 399
 548 226 256 395
 533 156 159 154
 29 517 96 516
 18 17 191 645
 657 481 346 371
 236 414 415 516
 553 12 495 494
 552 635 541 96
 669 459 442 441
 83 499 8 7
 619 500 6 501
 691 77 594 58
 691 217 500 388
 216 499 215 386
 496 381 211 382
 576 92 129 91
 520 381 556 496
 557 654 92 673
 556 495 210 380
 551 685 558 146
 585 168 167 160
 545 372 504 202
 202 491 373 203
 576 654 91 575
 544 445 373 374
 571 310 336 337
 493 133 14 550
 537 545 372 504
 204 205 492 375
 547 686 600 432
 545 491 373 202
 545 202 504 491
 544 492 203 491
 550 493 205 492
 674 678 353 352
 500 388 217 218
 519 212 383 382
 533 478 455 477
 691 499 500 217
 536 145 154 137
 562 499 215 498
 675 676 297 315
 617 501 619 57
 684 108 109 119
 561 287 559 562
 674 682 143 148
 486 230 261 485
 653 45 488 487
 653 259 630 647
 653 488 44 489
 571 129 131 90
 655 639 264 485
 580 582 329 328
 571 689 597 131
 487 46 175 45
 230 231 261 485
 229 260 487 261
 641 138 137 135
 485 231 261 264
 641 137 165 135
 609 147 610 613
 543 105 106 97
 628 271 268 273
 674 326 315 352
 596 24 198 197
 596 166 24 23
 568 387 267 386
 666 694 403 509
 694 75 78 72
 693 348 677 597
 630 259 227 395
 489 44 177 43
 653 487 175 45
 595 79 564 690
 631 126 127 124
 602 262 263 264
 548 518 256 483
 169 502 55 4
 653 639 260 262
 653 262 260 259
 598 157 600 160
 585 25 167 168
 660 698 371 345
 545 464 372 373
 663 464 365 425
 598 611 533 455
 529 126 528 116
 599 160 167 159
 660 319 345 307
 463 585 366 599
 523 114 116 118
 528 288 317 318
 639 486 46 487
 484 231 394 232
 3 482 49 688
 688 503 3 223
 583 301 421 300
 630 647 259 396
 570 664 640 309
 566 688 223 503
 575 90 93 88
 221 392 502 391
 603 257 391 392
 585 198 189 424
 581 194 184 193
 639 485 261 264
 200 224 232 482
 572 93 90 110
 694 510 247 509
 628 273 268 269
 664 112 111 130
 563 628 626 268
 561 276 287 272
 562 287 385 272
 573 88 575 93
 573 287 286 312
 572 311 310 569
 563 95 82 85
 563 268 626 275
 568 691 77 265
 625 94 622 68
 563 275 567 276
 272 561 276 269
 569 573 572 311
 626 274 275 271
 567 572 626 95
 664 284 624 308
 623 283 284 285
 588 587 696 67
 677 348 327 353
 664 284 309 285
 621 696 697 332
 638 274 285 279
 595 401 402 265
 609 475 476 453
 595 666 592 76
 604 71 627 69
 579 330 406 407
 692 115 104 102
 540 459 441 458
 578 66 512 34
 660 119 117 121
 572 286 279 311
 587 357 330 407
 622 94 113 68
 649 67 696 99
 570 130 638 110
 570 285 309 310
 527 114 113 116
 680 292 295 291
 649 697 526 651
 640 131 597 141
 570 664 130 640
 594 61 74 64
 632 298 693 299
 569 310 337 311
 525 118 115 114
 658 371 459 458
 110 90 570 131
 640 141 130 131
 531 535 534 323
 641 534 323 314
 539 440 441 429
 675 325 315 297
 530 478 349 367
 536 137 531 535
 680 135 642 122
 683 662 681 134
 584 644 196 422
 644 195 196 186
 560 581 419 193
 582 329 354 355
 684 657 480 347
 658 458 457 481
 644 642 300 314
 105 103 538 107
 644 195 22 196
 520 496 382 381
 581 163 20 162
 684 659 109 108
 675 324 682 325
 682 143 148 145
 670 321 661 342
 666 76 79 78
 642 314 294 300
 534 323 314 341
 641 295 643 680
 660 661 657 119
 556 496 381 210
 612 351 477 476
 567 86 93 85
 662 290 320 291
 681 278 290 291
 641 680 642 294
 682 325 350 351
 466 654 557 673
 609 678 147 613
 681 290 632 633
 664 112 130 128
 676 327 298 326
 519 382 496 212
 682 143 145 138
 310 572 570 279
 627 71 68 69
 697 360 333 359
 694 75 72 36
 676 681 632 136
 697 333 304 332
 529 528 317 343
 633 318 289 631
 31 667 514 515
 631 124 127 125
 343 528 317 318
 632 127 136 125
 651 114 102 99
 573 88 93 86
 697 114 99 113
 528 116 126 124
 584 187 196 197
 343 524 528 318
 583 644 300 421
 613 476 475 352
 534 341 313 340
 660 657 661 346
 591 38 507 63
 581 184 194 580
 680 291 683 292
 530 531 154 532
 683 316 292 321
 530 533 532 154
 365 463 585 366
 531 137 154 166
 600 438 444 432
 529 113 112 126
 572 95 93 110
 563 626 628 82
 622 113 94 111
 82 563 85 77
 526 114 651 697
 620 697 113 527
 561 567 563 85
 627 696 69 68
 634 128 127 126
 621 332 304 331
 588 470 357 408
 525 526 114 115
 638 111 95 110
 650 669 448 442
 555 465 446 380
 412 514 239 411
 654 576 91 92
 654 556 92 89
 496 211 381 210
 562 385 215 386
 521 213 214 384
 574 339 312 311
 688 232 224 482
 688 223 3 224
 696 331 303 330
 665 348 335 322
 577 511 578 406
 649 331 358 332
 578 407 579 406
 510 405 245 577
 627 579 696 302
 191 181 182 233
 560 183 193 419
 656 471 356 472
 568 564 267 265
 560 637 656 161
 517 51 28 29
 562 86 85 80
 568 562 499 386
 562 498 215 385
 572 286 275 279
 519 520 382 383
 507 251 250 400
 595 594 401 265
 559 86 84 88
 592 250 249 401
 579 406 330 302
 615 679 53 62
 617 59 55 57
 4 566 169 502
 77 563 85 561
 593 400 390 399
 537 199 168 26
 579 69 67 70
 187 188 197 423
 66 34 578 35
 331 588 358 357
 696 69 99 67
 584 422 187 423
 596 313 423 340
 652 397 398 257
 536 349 531 530
 593 61 64 62
 583 122 642 164
 585 599 167 532
 538 542 107 658
 687 50 30 515
 595 74 79 76
 594 74 58 77
 543 435 451 443
 667 412 430 411
 668 442 430 441
 539 443 440 431
 410 240 590 411
 589 101 65 100
 630 177 647 178
 656 161 106 162
 669 692 698 115
 636 543 473 659
 591 592 508 73
 540 458 441 440
 595 76 591 74
 621 303 304 277
 690 270 266 403
 589 448 469 449
 669 448 442 460
 635 414 237 516
 667 412 687 429
 596 424 585 532
 544 203 374 373
 492 544 374 375
 593 63 62 64
 688 224 3 482
 600 157 155 160
 547 152 153 155
 671 140 558 149
 691 58 56 77
 654 465 381 364
 671 439 447 456
 555 92 557 654
 433 555 557 446
 610 558 608 149
 608 437 436 453
 558 433 439 428
 416 417 234 517
 541 98 105 97
 617 5 57 55
 669 668 441 442
 623 284 305 306
 607 476 454 453
 609 671 436 610
 562 499 386 215
 612 350 477 351
 608 150 149 151
 671 140 149 147
 674 682 612 351
 607 476 477 454
 692 459 370 460
 526 468 360 359
 650 669 668 104
 525 698 692 115
 591 593 63 507
 660 661 320 346
 523 116 124 118
 524 121 118 124
 660 371 657 346
 539 668 429 441
 669 698 658 107
 560 656 162 161
 669 107 658 540
 692 369 460 370
 650 442 448 434
 698 117 107 115
 400 507 399 593
 591 595 74 594
 586 242 513 409
 649 696 697 99
 649 697 696 332
 251 400 507 399
 591 250 507 508
 591 507 38 508
 367 530 462 532
 607 612 148 156
 570 285 664 309
 656 472 356 355
 663 585 599 160
 236 516 237 414
 541 97 96 98
 624 306 308 284
 96 51 517 29
 678 352 474 353
 596 340 534 313
 631 634 288 299
 669 107 104 115
 524 525 118 121
 542 481 457 480
 525 369 370 344
 613 352 351 476
 669 442 459 460
 591 38 73 508
 538 457 458 440
 1
 1
 1
 1
 1
 1
 1
 1
 1
 1
 1
 1
 1
 1
 1
 1
 1
 1
 1
 1
 1
 1
 1
 1
 1
 1
 1
 1
 1
 1
 1
 1
 1
 1
 1
 1
 1
 1
 1
 1
 1
 1
 1
 1
 1
 1
 1
 1
 1
 1
 1
 1
 1
 1
 1
 1
 1
 1
 1
 1
 1
 1
 1
 1
 1
 1
 1
 1
 1
 1
 1
 1
 1
 1
 1
 1
 1
 1
 1
 1
 1
 1
 1
 1
 1
 1
 1
 1
 1
 1
 1
 1
 1
 1
 1
 1
 1
 1
 1
 1
 1
 1
 1
 1
 1
 1
 1
 1
 1
 1
 1
 1
 1
 1
 1
 1
 1
 1
 1
 1
 1
 1
 1
 1
 1
 1
 1
 1
 1
 1
 1
 1
 1
 1
 1
 1
 1
 1
 1
 1
 1
 1
 1
 1
 1
 1
 1
 1
 1
 1
 1
 1
 1
 1
 1
 1
 1
 1
 1
 1
 1
 1
 1
 1
 1
 1
 1
 1
 1
 1
 1
 1
 1
 1
 1
 1
 1
 1
 1
 1
 1
 1
 1
 1
 1
 1
 1
 1
 1
 1
 1
 1
 1
 1
 1
 1
 1
 1
 1
 1
 1
 1
 1
 1
 1
 1
 1
 1
 1
 1
 1
 1
 1
 1
 1
 1
 1
 1
 1
 1
 1
 1
 1
 1
 1
 1
 1
 1
 1
 1
 1
 1
 1
 1
 1
 1
 1
 1
 1
 1
 1
 1
 1
 1
 1
 1
 1
 1
 1
 1
 1
 1
 1
 1
 1
 1
 1
 1
 1
 1
 1
 1
 1
 1
 1
 1
 1
 1
 1
 1
 1
 1
 1
 1
 1
 1
 1
 1
 1
 1
 1
 1
 1
 1
 1
 1
 1
 1
 1
 1
 1
 1
 1
 1
 1
 1
 1
 1
 1
 1
 1
 1
 1
 1
 1
 1
 1
 1
 1
 1
 1
 1
 1
 1
 1
 1
 1
 1
 1
 1
 1
 1
 1
 1
 1
 1
 1
 1
 1
 1
 1
 1
 1
 1
 1
 1
 1
 1
 1
 1
 1
 1
 1
 1
 1
 1
 1
 1
 1
 1
 1
 1
 1
 1
 1
 1
 1
 1
 1
 1
 1
 1
 1
 1
 1
 1
 1
 1
 1
 1
 1
 1
 1
 1
 1
 1
 1
 1
 1
 1
 1
 1
 1
 1
 1
 1
 1
 1
 1
 1
 1
 1
 1
 1
 1
 1
 1
 1
 1
 1
 1
 1
 1
 1
 1
 1
 1
 1
 1
 1
 1
 1
 1
 1
 1
 1
 1
 1
 1
 1
 1
 1
 1
 1
 1
 1
 1
 1
 1
 1
 1
 1
 1
 1
 1
 1
 1
 1
 1
 1
 1
 1
 1
 1
 1
 1
 1
 1
 1
 1
 1
 1
 1
 1
 1
 1
 1
 1
 1
 1
 1
 1
 1
 1
 1
 1
 1
 1
 1
 1
 1
 1
 1
 1
 1
 1
 1
 1
 1
 1
 1
 1
 1
 1
 1
 1
 1
 1
 1
 1
 1
 1
 1
 1
 1
 1
 1
 1
 1
 1
 1
 1
 1
 1
 1
 1
 1
 1
 1
 1
 1
 1
 1
 1
 1
 1
 1
 1
 1
 1
 1
 1
 1
 1
 1
 1
 1
 1
 1
 1
 1
 1
 1
 1
 1
 1
 1
 1
 1
 1
 1
 1
 1
 1
 1
 1
 1
 1
 1
 1
 1
 1
 1
 1
 1
 1
 1
 1
 1
 1
 1
 1
 1
 1
 1
 1
 1
 1
 1
 1
 1
 1
 1
 1
 1
 1
 1
 1
 1
 1
 1
 1
 1
 1
 1
 1
 1
 1
 1
 1
 1
 1
 1
 1
 1
 1
 1
 1
 1
 1
 1
 1
 1
 1
 1
 1
 1
 1
 1
 1
 1
 1
 1
 1
 1
 1
 1
 1
 1
 1
 1
 1
 1
 1
 1
 1
 1
 1
 1
 1
 1
 1
 1
 1
 1
 1
 1
 1
 1
 1
 1
 1
 1
 1
 1
 1
 1
 1
 1
 1
 1
 1
 1
 1
 1
 1
 1
 1
 1
 1
 1
 1
 1
 1
 1
 1
 1
 1
 1
 1
 1
 1
 1
 1
 1
 1
 1
 1
 1
 1
 1
 1
 1
 1
 1
 1
 1
 1
 1
 1
 1
 1
 1
 1
 1
 1
 1
 1
 1
 1
 1
 1
 1
 1
 1
 1
 1
 1
 1
 1
 1
 1
 1
 1
 1
 1
 1
 1
 1
 1
 1
 1
 1
 1
 1
 1
 1
 1
 1
 1
 1
 1
 1
 1
 1
 1
 1
 1
 1
 1
 1
 1
 1
 1
 1
 1
 1
 1
 1
 1
 1
 1
 1
 1
 1
 1
 1
 1
 1
 1
 1
 1
 1
 1
 1
 1
 1
 1
 1
 1
 1
 1
 1
 1
 1
 1
 1
 1
 1
 1
 1
 1
 1
 1
 1
 1
 1
 1
 1
 1
 1
 1
 1
 1
 1
 1
 1
 1
 1
 1
 1
 1
 1
 1
 1
 1
 1
 1
 1
 1
 1
 1
 1
 1
 1
 1
 1
 1
 1
 1
 1
 1
 1
 1
 1
 1
 1
 1
 1
 1
 1
 1
 1
 1
 1
 1
 1
 1
 1
 1
 1
 1
 1
 1
 1
 1
 1
 1
 1
 1
 1
 1
 1
 1
 1
 1
 1
 1
 1
 1
 1
 1
 1
 1
 1
 1
 1
 1
 1
 1
 1
 1
 1
 1
 1
 1
 1
 1
 1
 1
 1
 1
 1
 1
 1
 1
 1
 1
 1
 1
 1
 1
 1
 1
 1
 1
 1
 1
 1
 1
 1
 1
 1
 1
 1
 1
 1
 1
 1
 1
 1
 1
 1
 1
 1
 1
 1
 1
 1
 1
 1
 1
 1
 1
 1
 1
 1
 1
 1
 1
 1
 1
 1
 1
 1
 1
 1
 1
 1
 1
 1
 1
 1
 1
 1
 1
 1
 1
 1
 1
 1
 1
 1
 1
 1
 1
 1
 1
 1
 1
 1
 1
 1
 1
 1
 1
 1
 1
 1
 1
 1
 1
 1
 1
 1
 1
 1
 1
 1
 1
 1
 1
 1
 1
 1
 1
 1
 1
 1
 1
 1
 1
 1
 1
 1
 1
 1
 1
 1
 1
 1
 1
 1
 1
 1
 1
 1
 1
 1
 1
 1
 1
 1
 1
 1
 1
 1
 1
 1
 1
 1
 1
 1
 1
 1
 1
 1
 1
 1
 1
 1
 1
 1
 1
 1
 1
 1
 1
 1
 1
 1
 1
 1
 1
 1
 1
 1
 1
 1
 1
 1
 1
 1
 1
 1
 1
 1
 1
 1
 1
 1
 1
 1
 1
 1
 1
 1
 1
 1
 1
 1
 1
 1
 1
 1
 1
 1
 1
 1
 1
 1
 1
 1
 1
 1
 1
 1
 1
 1
 1
 1
 1
 1
 1
 1
 1
 1
 1
 1
 1
 1
 1
 1
 1
 1
 1
 1
 1
 1
 1
 1
 1
 1
 1
 1
 1
 1
 1
 1
 1
 1
 1
 1
 1
 1
 1
 1
 1
 1
 1
 1
 1
 1
 1
 1
 1
 1
 1
 1
 1
 1
 1
 1
 1
 1
 1
 1
 1
 1
 1
 1
 1
 1
 1
 1
 1
 1
 1
 1
 1
 1
 1
 1
 1
 1
 1
 1
 1
 1
 1
 1
 1
 1
 1
 1
 1
 1
 1
 1
 1
 1
 1
 1
 1
 1
 1
 1
 1
 1
 1
 1
 1
 1
 1
 1
 1
 1
 1
 1
 1
 1
 1
 1
 1
 1
 1
 1
 1
 1
 1
 1
 1
 1
 1
 1
 1
 1
 1
 1
 1
 1
 1
 1
 1
 1
 1
 1
 1
 1
 1
 1
 1
 1
 1
 1
 1
 1
 1
 1
 1
 1
 1
 1
 1
 1
 1
 1
 1
 1
 1
 1
 1
 1
 1
 1
 1
 1
 1
 1
 1
 1
 1
 1
 1
 1
 1
 1
 1
 1
 1
 1
 1
 1
 1
 1
 1
 1
 1
 1
 1
 1
 1
 1
 1
 1
 1
 1
 1
 1
 1
 1
 1
 1
 1
 1
 1
 1
 1
 1
 1
 1
 1
 1
 1
 1
 1
 1
 1
 1
 1
 1
 1
 1
 1
 1
 1
 1
 1
 1
 1
 1
 1
 1
 1
 1
 1
 1
 1
 1
 1
 1
 1
 1
 1
 1
 1
 1
 1
 1
 1
 1
 1
 1
 1
 1
 1
 1
 1
 1
 1
 1
 1
 1
 1
 1
 1
 1
 1
 1
 1
 1
 1
 1
 1
 1
 1
 1
 1
 1
 1
 1
 1
 1
 1
 1
 1
 1
 1
 1
 1
 1
 1
 1
 1
 1
 1
 1
 1
 1
 1
 1
 1
 1
 1
 1
 1
 1
 1
 1
 1
 1
 1
 1
 1
 1
 1
 1
 1
 1
 1
 1
 1
 1
 1
 1
 1
 1
 1
 1
 1
 1
 1
 1
 1
 1
 1
 1
 1
 1
 1
 1
 1
 1
 1
 1
 1
 1
 1
 1
 1
 1
 1
 1
 1
 1
 1
 1
 1
 1
 1
 1
 1
 1
 1
 1
 1
 1
 1
 1
 1
 1
 1
 1
 1
 1
 1
 1
 1
 1
 1
 1
 1
 1
 1
 1
 1
 1
 1
 1
 1
 1
 1
 1
 1
 1
 1
 1
 1
 1
 1
 1
 1
 1
 1
 1
 1
 1
 1
 1
 1
 1
 1
 1
 1
 1
 1
 1
 1
 1
 1
 1
 1
 1
 1
 1
 1
 1
 1
 1
 1
 1
 1
 1
 1
 1
 1
 1
 1
 1
 1
 1
 1
 1
 1
 1
 1
 1
 1
 1
 1
 1
 1
 1
 1
 1
 1
 1
 1
 1
 1
 1
 1
 1
 1
 1
 1
 1
 1
 1
 1
 1
 1
 1
 1
 1
 1
 1
 1
 1
 1
 1
 1
 1
 1
 1
 1
 1
 1
 1
 1
 1
 1
 1
 1
 1
 1
 1
 1
 1
 1
 1
 1
 1
 1
 1
 1
 1
 1
 1
 1
 1
 1
 1
 1
 1
 1
 1
 1
 1
 1
 1
 1
 1
 1
 1
 1
 1
 1
 1
 1
 1
 1
 1
 1
 1
 1
 1
 1
 1
 1
 1
 1
 1
 1
 1
 1
 1
 1
 1
 1
 1
 1
 1
 1
 1
 1
 1
 1
 1
 1
 1
 1
 1
 1
 1
 1
 1
 1
 1
 1
 1
 1
 1
 1
 1
 1
 1
 1
 1
 1
 1
 1
 1
 1
 1
 1
 1
 1
 1
 1
 1
 1
 1
 1
 1
 1
 1
 1
 1
 1
 1
 1
 1
 1
 1
 1
 1
 1
 1
 1
 1
 1
 1
 1
 1
 1
 1
 1
 1
 1
 1
 1
 1
 1
 1
 1
 1
 1
 1
 1
 1
 1
 1
 1
 1
 1
 1
 1
 1
 1
 1
 1
 1
 1
 1
 1
 1
 1
 1
 1
 1
 1
 1
 1
 1
 1
 1
 1
 1
 1
 1
 1
 1
 1
 1
 1
 1
 1
 1
 1
 1
 1
 1
 1
 1
 1
 1
 1
 1
 1
 1
 1
 1
 1
 1
 1
 1
 1
 1
 1
 1
 1
 1
 1
 1
 1
 1
 1
 1
 1
 1
 1
 1
 1
 1
 1
 1
 1
 1
 1
 1
 1
 1
 1
 1
 1
 1
 1
 1
 1
 1
 1
 1
 1
 1
 1
 1
 1
 1
 1
 1
 1
 1
 1
 1
 1
 1
 1
 1
 1
 1
 1
 1
 1
 1
 1
 1
 1
 1
 1
 1
 1
 1
 1
 1
 1
 1
 1
 1
 1
 1
 1
 1
 1
 1
 1
 1
 1
 1
 1
 1
 1
 1
 1
 1
 1
 1
 1
 1
 1
 1
 1
 1
 1
 1
 1
 1
 1
 1
 1
 1
 1
 1
 1
 1
 1
 1
 1
 1
 1
 1
 1
 1
 1
 1
 1
 1
 1
 1
 1
 1
 1
 1
 1
 1
 1
 1
 1
 1
 1
 1
 1
 1
 1
 1
 1
 1
 1
 1
 1
 1
 1
 1
 1
 1
 1
 1
 1
 1
 1
 1
 1
 1
 1
 1
 1
 1
 1
 1
 1
 1
 1
 1
 1
 1
 1
 1
 1
 1
 1
 1
 1
 1
 1
 1
 1
 1
 1
 1
 1
 1
 1
 1
 1
 1
 1
 1
 1
 1
 1
 1
 1
 1
 1
 1
 1
 1
 1
 1
 1
 1
 1
 1
 1
 1
 1
 1
 1
 1
 1
 1
 1
 1
 1
 1
 1
 1
 1
 1
 1
 1
 1
 1
 1
 1
 1
 1
 1
 1
 1
 1
 1
 1
 1
 1
 1
 1
 1
 1
 1
 1
 1
 1
 1
 1
 1
 1
 1
 1
 1
 1
 1
 1
 1
 1
 1
 1
 1
 1
 1
 1
 1
 1
 1
 1
 1
 1
 1
 1
 1
 1
 1
 1
 1
 1
 1
 1
 1
 1
 1
 1
 1
 1
 1
 1
 1
 1
 1
 1
 1
 1
 1
 1
 1
 1
 1
 1
 1
 1
 1
 1
 1
 1
 1
 1
 1
 1
 1
 1
 1
 1
 1
 1
 1
 1
 1
 1
 1
 1
 1
 1
 1
 1
 1
 1
 1
 1
 1
 1
 1
 1
 1
 1
 1
 1
 1
 1
 1
 1
 1
 1
 1
 1
 1
 1
 1
 1
 1
 1
 1
 1
 1
 1
 1
 1
 1
 1
 1
 1
 1
 1
 1
 1
 1
 1
 1
 1
 1
 1
 1
 1
 1
 1
 1
 1
 1
 1
 1
 1
 1
 1
 1
 1
 1
 1
 1
 1
 1
 1
 1
 1
 1
 1
 1
 1
 1
 1
 1
 1
 1
 1
 1
 1
 1
 1
 1
 1
 1
 1
 1
 1
 1
 1
 1
 1
 1
 1
 1
 1
 1
 1
 1
 1
 1
 1
 1
 1
 1
 1
 1
 1
 1
 1
 1
 1
 1
 1
 1
 1
 1
 1
 1
 1
 1
 1
 1
 1
 1
 1
 1
 1
 1
 1
 1
 1
 1
 1
 1
 1
 1
 1
 1
 1
 1
 1
 1
 1
 1
 1
 1
 1
 1
 1
 1
 1
 1
 1
 1
 1
 1
 1
 1
 1
 1
 1
 1
 1
 1
 1
 1
 1
 1
 1
 1
 1
 1
 1
 1
 1
 1
 1
 1
 1
 1
 1
 1
 1
 1
 1
 1
 1
 1
 1
 1
 1
 1
 1
 1
 1
 1
 1
 1
 1
 1
 1
 1
 1
 1
 1
 1
 1
 1
 1
 1
 1
 1
 1
 1
 1
 1
 1
 1
 1
 1
 1
 1
 1
 1
 1
 1
 1
 1
 1
 1
 1
 1
 1
 1
 1
 1
 1
 1
 1
 1
 1
 1
 1
 1
 1
 1
 1
 1
 1
 1
 1
 1
 1
 1
 1
 1
 1
 1
 1
 1
 1
 1
 1
 1
 1
 1
 1
 1
 1
 1
 1
 1
 1
 1
 1
 1
 1
 1
 1
 1
 1
 1
 1
 1
 1
 1
 1
 1
 1
 1
 1
 1
 1
 1
 1
 1
 1
 1
 1
 1
 1
 1
 1
 1
 1
 1
 1
 1
 1
 1
 1
 1
 1
 1
 1
 1
 1
 1
 1
 1
 1
 1
 1
 1
 1
 1
 1
 1
 1
 1
 1
 1
 1
 1
 1
 1
 1
 1
 1
 1
 1
 1
 1
 1
 1
 1
 4.046357431878946E-16 6.608421423339846 -2.974334584121431
 4.525887044877695E-16 7.391578576660155 -2.974334584121431
 3.353820182242892E-16 5.477384911117888 -2.584887481324577
 2.809509909764991E-16 4.588429418148349 -1.784468360254025
 2.499966664201190E-16 4.082890238806970 -0.7003360915677150
 2.474404816889293E-16 4.041143195388306 0.4951428175820338
 2.736888453425469E-16 4.469825662561343 1.611898825040472
 3.245685223504161E-16 5.300781289225501 2.472378565866046
 3.919901379524706E-16 6.401896196748408 2.939774113862489
 4.652343097231934E-16 7.598103803251591 2.939774113862488
 5.326559253252479E-16 8.699218710774499 2.472378565866046
 5.835356023331172E-16 9.530174337438657 1.611898825040471
 6.097839659867349E-16 9.958856804611694 0.4951428175820332
 6.072277812555451E-16 9.917109761193029 -0.7003360915677177
 5.762734566991650E-16 9.411570581851651 -1.784468360254024
 5.218424294513749E-16 8.522615088882112 -2.584887481324578
 7.391578576660155 0.000000000000000E+00 -2.974334584121431
 7.300575978760039 1.156297640442662 -2.974334584121431
 7.029808971040295 2.284123395445772 -2.974334584121431
 6.585944735855167 3.355706451882071 -2.974334584121431
 5.979912683775851 4.344660878521829 -2.974334584121431
 5.226635335229604 5.226635335229604 -2.974334584121431
 4.344660878521829 5.979912683775851 -2.974334584121431
 3.355706451882071 6.585944735855167 -2.974334584121431
 2.284123395445773 7.029808971040295 -2.974334584121431
 1.156297640442663 7.300575978760039 -2.974334584121431
 6.608421423339846 0.000000000000000E+00 -2.974334584121431
 8.522615088882112 0.000000000000000E+00 -2.584887481324577
 9.411570581851652 0.000000000000000E+00 -1.784468360254023
 9.917109761193029 0.000000000000000E+00 -0.7003360915677157
 9.958856804611694 0.000000000000000E+00 0.4951428175820332
 9.530174337438657 0.000000000000000E+00 1.611898825040471
 8.699218710774497 0.000000000000000E+00 2.472378565866047
 7.598103803251591 0.000000000000000E+00 2.939774113862488
 6.401896196748408 0.000000000000000E+00 2.939774113862489
 5.300781289225501 0.000000000000000E+00 2.472378565866046
 4.469825662561343 0.000000000000000E+00 1.611898825040472
 4.041143195388306 0.000000000000000E+00 0.4951428175820338
 4.082890238806970 0.000000000000000E+00 -0.7003360915677177
 4.588429418148349 0.000000000000000E+00 -1.784468360254025
 5.477384911117888 0.000000000000000E+00 -2.584887481324577
 6.508024652877050 1.147540337418066 -2.974334584121431
 6.209884846555961 2.260213242367114 -2.974334584121431
 5.723060831525625 3.304210711669922 -2.974334584121431
 5.062344509137896 4.247811410509937 -2.974334584121431
 4.247811410509937 5.062344509137896 -2.974334584121431
 3.304210711669923 5.723060831525625 -2.974334584121431
 2.260213242367112 6.209884846555963 -2.974334584121431
 1.147540337418065 6.508024652877052 -2.974334584121431
 9.967112231370274 0.7811309338203550 0.1181045439075861
 8.504816110655826 0.7472281930720631 -2.576014806520268
 4.040577008429832 1.141130011445154 -1.073447880425933
 3.658640949821432 2.250866553409108 -1.298515158200172
 2.314643602389983 3.607846883074316 -1.279433701555108
 1.196550339055514 4.012621934129111 -1.043219250731697
 1.262989063682741 4.042820971841375 1.165158195460953
 1.113896987487560 3.842271525373903 5.350076395076383E-02
 2.202330140752758 3.443143200801853 0.7181938030390892
 2.106853662415294 3.425622411011634 -0.3598196546417569
 2.966990037064802 2.872100969878315 -0.8716020027977844
 2.924529675625479 2.735981519673127 0.1697383541753402
 3.514327795314057 1.966463796883300 -0.4022750483598149
 3.878568315399094 0.9781148131076549 -7.573828411912988E-04
 3.595854029902331 1.899772194753254 0.6298046694870557
 8.870816909513781 1.118588988939180 2.287415287847137
 7.724120963828412 0.7648133505676682 2.901640732510874
 7.859355936557309 1.963109992736424 2.790734030166400
 6.265757206894938 3.516101473300756 2.994297028304374
 6.898829360892021 2.541588558969254 2.979264786411238
 6.718687634664642 1.416682944266590 2.997024687346281
 5.852702495254444 2.328311336177332 2.916907538668307
 5.612918097361403 1.130307165758099 2.715859564925314
 4.090255420078021 0.9677031498221145 1.085238426648063
 3.201261841262644 2.813708032577547 1.226215374248878
 4.688986027453454 1.019934363015868 2.038129771240783
 4.024799703802280 1.964885930884332 1.625924147316958
 2.680657927281214 3.793767777762729 1.858838574028290
 4.810611708946213 2.105954115371468 2.437691537430057
 3.893431982449269 2.993771892028379 2.153507343183129
 1.565496314028859 4.608926958821765 2.110126112195130
 4.980703003009088 3.233377132103460 2.805809119993901
 3.936450146950868 4.033792988319787 2.672104104338382
 0.7644128363295095 5.336136800552950 2.531771286679685
 1.168050655449339 6.180836681186617 2.914830494337373
 2.886540821187322 4.782698665136939 2.646005517126887
 1.961107839180185 5.519451026357443 2.773930303745475
 1.092642852963557 7.136177221507126 2.991970796009993
 2.157084272302515 6.584981733122787 2.999166459835815
 1.122241664386656 8.248364145137700 2.691853576834716
 3.247866439670648 7.060038724795239 2.899159898597534
 2.193741344251427 7.667122352356041 2.837214407085544
 2.180603550527099 8.595808364210310 2.347392992060476
 3.129026802430126 5.900870760085058 2.982793520555069
 5.278636307861116 4.416342063524732 2.997696002378760
 4.157551227398639 5.170705086769585 2.977696402731309
 9.405090570133936 1.093985836909812 -1.704845142048492
 9.334331037836964 2.138066978982198 -1.537490452074658
 9.840360559353950 1.542532780271852 -0.4850549836051632
 7.665419679676985 3.377645711353282 2.665523991533952
 8.804876576413927 2.386316533798523 2.120120723004029
 9.691564854889773 1.434585200751627 1.084371561003707
 8.617711497128132 3.462278867283563 1.941302764359321
 9.680293998972973 2.451693244945496 0.2901620492406065
 9.307761763123153 2.894293830930985 1.204955402998374
 9.496286229195045 2.835980359550242 -0.7264629977137649
 8.869056238833913 3.130948842878747 -1.792673976609802
 9.344716157664728 3.538520689273037 0.2156460542600138
 8.349989775912064 4.223683857794091 -1.855380970430554
 9.049256592374380 3.948080669297021 -0.8635949622591920
 4.291953765598905 6.359369938337520 2.923724449513438
 5.388870683906828 5.606223566307756 2.897839761123879
 6.205234833065752 6.061250264362073 2.489312812618325
 6.762663767967455 4.864892328811090 2.688717127815021
 8.049843101084244 4.426403355589255 2.054001703897924
 8.872991071487036 4.071739531235185 1.169551341697301
 7.651073868488384 5.343133948416127 1.887148444543351
 8.870504408582521 4.608271831693657 0.1529183849355749
 8.359277570995031 5.080534690628488 1.122477380763669
 8.521756870213229 4.975071892033793 -0.8810477933555396
 7.926923553369074 5.157949579401169 -1.720949430329924
 8.279251279352543 5.604946855447587 0.1075550860646957
 7.229159223980179 5.842996250510861 -1.931814565148488
 7.885889945323158 5.909080319187026 -0.9239938152444717
 7.744210651410459 6.012499149758598 1.065968454137967
 7.579085666319763 6.522986705875524 4.930876500382114E-02
 7.011660980343985 6.083464476798609 1.946392052770779
 7.007346210598220 6.875245738280225 1.031971686329911
 6.229036398264556 6.964954768904876 1.872264581652782
 3.237524681543137 8.153002153806440 2.420537257167669
 5.325636549902175 6.772893201552908 2.527592875577794
 4.325875669623033 7.498253077206758 2.501124473107233
 1.330665474813064 9.280872655456573 1.831847434144577
 0.8334965739316665 9.897816192044758 0.6311884919697538
 7.127783981802713 6.749573373847978 -1.033341455751937
 6.382518747500856 6.677116048743962 -1.999063161537907
 6.766641897133852 7.362807663534821 -2.205037702057601E-02
 5.463540955637356 7.445779777640620 -2.000909692482181
 6.255217508515827 7.538140165661614 -1.088727375486831
 6.137324703987691 7.689780163026485 0.9705355880448456
 2.929754465235346 9.097991886210558 1.567233297757486
 5.296980971506642 7.734958267292320 1.833069735548374
 4.222211891103981 8.444708549142057 1.743424612527681
 5.839659655437316 8.116528721908672 -7.810416564967569E-02
 5.147560553871764 8.415229282445420 0.8905940643586940
 5.323963628908986 8.218746645630798 -1.096419229005763
 2.071772399649927 9.698853770047712 0.6980348389497157
 4.077546943174575 9.023019963010027 0.7621259067076451
 4.834907390598393 8.747833579203535 -0.1723550727367091
 3.148838070190580 9.447060919603935 0.5001239347689064
 3.781754733871717 9.238185946851210 -0.3256615707142655
 2.651460482112111 9.614971466182196 -0.3951532115947564
 1.431902829421226 9.868749058570540 -0.4082751090014080
 0.9351480476761607 9.653849649561904 -1.309656569516118
 4.678577138170969 8.082605353793738 -1.878539487823067
 2.038580564231786 9.462421124279061 -1.349125728435998
 4.320476902293867 8.748966750287273 -1.181351250187173
 3.229438648858701 9.143643275207122 -1.313456587814074
 1.196598019173600 9.059351884613427 -2.104471839466691
 3.719712024714751 8.376337212225634 -2.076605144197860
 2.507919047342010 8.745643361414539 -2.144261710892308
 8.428343237917510 2.011739047386278 -2.495480249262819
 7.838810522470109 3.306824169396410 -2.593578571954668
 7.250898458354545 4.583140113603076 -2.551503531487532
 6.316570101272771 5.560070639513080 -2.645292068132420
 5.387707484688812 6.431032255627515 -2.658755739672602
 4.324464003584634 7.295194006648021 -2.609171673895206
 3.011129247822862 7.757496969971456 -2.693308057458658
 1.659143421559107 8.146311941684013 -2.697142902000021
 1.898134188431604 4.348975709898620 -1.978807070658656
 3.354501898069299 3.312106953383952 -1.942848311897319
 4.375055950322221 1.870792154664812 -1.993633198198471
 1.218681763354842 5.307482533731897 -2.565899395050875
 2.337626858770245 5.179638202103758 -2.695317678412108
 3.145904472959998 4.532531393080151 -2.607985624549741
 4.030473736466509 4.012554396258556 -2.697554922658492
 4.556630606181518 3.125649071362913 -2.612704949539827
 5.197728844320906 2.323360857606954 -2.700500271371635
 5.322526098039834 1.207601495070247 -2.573250951318132
 4.685730249210611E-16 7.652630961100258 -4.957224306869051
 4.605808647044153E-16 7.522104768880206 -3.965779445495240
 7.652630961100258 0.000000000000000E+00 -4.957224306869051
 7.558414375156088 1.197135230550026 -4.957224306869051
 7.278084542356443 2.364793018659866 -4.957224306869051
 6.818544113546229 3.474221754352234 -4.957224306869051
 6.191108499209997 4.498103620171507 -4.957224306869051
 5.411227246512118 5.411227246512118 -4.957224306869051
 4.498103620171507 6.191108499209995 -4.957224306869051
 3.474221754352236 6.818544113546229 -4.957224306869051
 2.364793018659867 7.278084542356443 -4.957224306869051
 1.197135230550027 7.558414375156088 -4.957224306869051
 7.522104768880207 0.000000000000000E+00 -3.965779445495241
 7.347963196811210 1.605546954169043 -3.959863788159717
 6.964713347078586 2.839916386553062 -3.960880201615791
 6.419080284875011 3.920334582961447 -3.961515338641401
 5.719162431476411 4.885222554020263 -3.961820001342321
 4.883348317002837 5.720756356086089 -3.961782510720927
 3.922543503274102 6.417747158385140 -3.961621969329514
 2.843639908279348 6.963217231186525 -3.961044330262839
 1.605539592087995 7.347958897946858 -3.959819950566208
 3.886514227546030E-16 6.347369038899743 -4.957224306869051
 5.398221650555835E-16 8.816256152364891 -4.658456137927744
 6.046509951211911E-16 9.875026260216393 -4.090748587125116
 6.593168533929646E-16 10.76781696150819 -3.286876228970478
 7.006638011441590E-16 11.44308616327474 -2.293247772421573
 7.263048195340205E-16 11.86184960198838 -1.167226819279526
 7.347596156432019E-16 11.99993146123713 2.617981915709844E-02
 7.255400819158856E-16 11.84936007642373 1.218075058930113
 6.991784753119445E-16 11.41882815044347 2.339649071302867
 6.571966893461022E-16 10.73319091142696 3.326151773271803
 6.020183929835252E-16 9.832031184624162 4.120630943110077
 5.368291087399446E-16 8.767374218896286 4.677220154149335
 4.653923078790930E-16 7.600684194173235 4.963786709647226
 3.918321397965710E-16 6.399315805826763 4.963786709647226
 3.203953389357193E-16 5.232625781103714 4.677220154149335
 2.552060546921389E-16 4.167968815375838 4.120630943110078
 2.000277583295618E-16 3.266809088573043 3.326151773271802
 1.580459723637194E-16 2.581171849556533 2.339649071302865
 1.316843657597785E-16 2.150639923576268 1.218075058930115
 1.224648320324622E-16 2.000068538762867 2.617981915709588E-02
 1.309196281416437E-16 2.138150398011618 -1.167226819279529
 1.565606465315052E-16 2.556913836725258 -2.293247772421577
 1.979075942826995E-16 3.232183038491811 -3.286876228970478
 2.525734525544730E-16 4.124973739783607 -4.090748587125116
 3.174022826200806E-16 5.183743847635109 -4.658456137927743
 6.347369038899743 0.000000000000000E+00 -4.957224306869051
 6.225406122640067 1.238310269754153 -4.957224306869051
 5.864204340335309 2.429032970294054 -4.957224306869051
 5.277644473915148 3.526409296002938 -4.957224306869051
 4.488267690099546 4.488267690099546 -4.957224306869051
 3.526409296002940 5.277644473915148 -4.957224306869051
 2.429032970294055 5.864204340335309 -4.957224306869051
 1.238310269754154 6.225406122640067 -4.957224306869051
 8.816256152364891 0.000000000000000E+00 -4.658456137927744
 9.875026260216393 0.000000000000000E+00 -4.090748587125116
 10.76781696150819 0.000000000000000E+00 -3.286876228970478
 11.44308616327474 0.000000000000000E+00 -2.293247772421573
 11.86184960198838 0.000000000000000E+00 -1.167226819279526
 11.99993146123713 0.000000000000000E+00 2.617981915709844E-02
 11.84936007642373 0.000000000000000E+00 1.218075058930113
 11.41882815044347 0.000000000000000E+00 2.339649071302867
 10.73319091142696 0.000000000000000E+00 3.326151773271803
 9.832031184624162 0.000000000000000E+00 4.120630943110077
 8.767374218896286 0.000000000000000E+00 4.677220154149335
 7.600684194173235 0.000000000000000E+00 4.963786709647226
 6.399315805826763 0.000000000000000E+00 4.963786709647226
 5.232625781103714 0.000000000000000E+00 4.677220154149335
 4.167968815375838 0.000000000000000E+00 4.120630943110078
 3.266809088573043 0.000000000000000E+00 3.326151773271802
 2.581171849556533 0.000000000000000E+00 2.339649071302865
 2.150639923576268 0.000000000000000E+00 1.218075058930115
 2.000068538762867 0.000000000000000E+00 2.617981915709588E-02
 2.138150398011618 0.000000000000000E+00 -1.167226819279529
 2.556913836725258 0.000000000000000E+00 -2.293247772421577
 3.232183038491811 0.000000000000000E+00 -3.286876228970478
 4.124973739783607 0.000000000000000E+00 -4.090748587125116
 5.183743847635109 0.000000000000000E+00 -4.658456137927743
 2.004551781821219 2.067049810793335 -2.832070750889987
 2.991598156380678 2.179129460170680 -3.757308729606320
 4.266974804557642 2.452695102590633 -4.547584413512611
 4.079438490489895 3.619342677982534 -4.754846361035733
 3.249748077108506 4.487967251854974 -4.782397654464207
 3.122445170624033 3.306239962549393 -4.357275903174982
 2.062534417913761 3.042977611870505 -3.735201973627581
 2.168866014280401 4.235273651260102 -4.469320978731499
 1.975936429979853 2.048745321034122 2.783370889265399
 2.900794170291948 2.090220414021784 3.643110188273071
 2.034264453922217 2.959740331459988 3.658084145277436
 3.814248482808526 3.923186951731878 4.760714972525570
 3.139876011198720 3.215428131653145 4.326771000275659
 3.935024328052640 2.127934394344669 4.314739610819740
 4.665992996910203 4.053688793930943 4.932456053641574
 2.060717505668312 3.993943549207303 4.326793053518898
 4.373321216833513 3.117780457524159 4.727156749830754
 5.293897232709052 4.911526341615038 4.995096348337388
 4.051656415539558 4.881693181756020 4.956784940321556
 3.023803671786902 4.470399885581061 4.736081362685853
 6.340852588374145 4.263872021191020 4.958723612429976
 8.435711549453249 8.502147112463712 -0.4793756338066992
 4.322554499205800 6.006871299958743 4.983936444297096
 8.428970214702080 8.514339554900074 0.4368310740610213
 5.090076638313819 2.174040680388812 4.780537513162447
 5.571277513943414 3.414554313966399 4.978273969883517
 6.502172137842730 5.345670886051204 4.794858837512399
 6.666098713232452 6.525177192639319 4.424885422044314
 5.526015500064139 6.249478727456199 4.816473165306571
 3.136423910148493 5.665317616643986 4.972421029302025
 2.060544581122023 5.145571623699324 4.782948835944640
 8.467257380020525 7.612336410569945 2.400536118171704
 8.743817863913314 7.942002541498930 1.357219269009756
 9.182809529281062 7.725011159823667 -9.392582085369245E-03
 8.763463328812282 7.900266153666591 -1.403989937387205
 8.465549946592892 7.537103766732073 -2.492212581518539
 7.741013081569823 7.662057418161961 3.139142284445868
 7.680854269072316 7.536068508416355 -3.295272032062881
 7.825492625615128 8.322973463654259 -2.329651631637637
 7.834335131139282 8.876183165025541 -1.258356216755157
 7.646366613590086 9.248363314634874 -1.885922983249431E-02
 7.819001460445062 8.907776838394634 1.204908439044847
 7.834341850228845 8.382619961738282 2.232986219048878
 7.648934044156849 6.508676922513530 -3.967110256584020
 7.754554576771981 5.483548862839973 -4.331571904560604
 6.278763885414359 2.198942468854336 4.987922675273045
 6.873960976719536 3.247093244333467 4.963590998536125
 7.481970961357660 4.357568015445703 4.716951687705728
 7.586767999602328 5.625852387138051 4.361382157314764
 7.682478104066037 6.721964127576594 3.835114743191476
 9.908349077039810 6.769334058534139 1.749964500946329E-02
 6.807021523927527 7.601808768758039 3.838481120587200
 5.742342809330552 7.435857649213395 4.389061292607304
 4.578146024071383 7.215048553814788 4.755323085677367
 3.264843187714474 6.990855472451993 4.948519423837139
 2.105227537301785 6.356435848946896 4.990749132459579
 5.454596316164209 7.680419188588307 -4.375191431347359
 6.589200590667156 7.342128896687250 -4.097557252453554
 6.722869538951338 9.939904715023342 -2.344687493078711E-02
 8.549633980179474 6.733674385566770 -3.150030998750326
 8.547064998405030 6.839027734685356 3.070111635101229
 9.189488810009740 6.968106502028897 2.110781765204088
 9.614182112728896 7.001782292385561 1.026055215515854
 9.661253272567359 6.941490848650153 -1.012600023652013
 9.220491012235536 6.900423385945492 -2.144724982430735
 6.923191225823714 8.512352038816559 3.036621350514457
 6.863482917599022 8.428042926141845 -3.166917071168998
 6.980985038936058 9.170506676760578 -2.126437532576015
 6.945462211497932 9.658664598829205 -1.011555432929788
 6.903339759291873 9.699888378763120 0.9668670665313733
 6.973861713460176 9.213882423906549 2.060850755743764
 8.586633944535262 5.737596079345412 -3.732289883780491
 8.462820088158470 4.632135978619918 -4.241493032066998
 7.487175775654097 2.120830857384844 4.938507642956353
 8.009891144643529 3.112525307015018 4.739318728375406
 8.481373525633211 3.876863311230080 4.426324102412260
 8.488918092555272 4.830680660438031 4.164478909552657
 8.547643301529590 5.877249246046805 3.690691124163087
 5.920816271611853 8.481884254529557 3.717207952214209
 4.845120490850705 8.346131069878060 4.239645019026063
 3.750207007647705 8.160675412228953 4.590765557015231
 2.788213847568220 8.073112509006966 4.756596530769294
 2.020845904953767 7.526718489492068 4.936668618204002
 4.627735048359091 8.437275872343022 -4.256698495066114
 5.799926041459729 8.487636113768598 -3.773774478902631
 9.380702397357782 5.934277711499718 -2.861609186451008
 9.348853280941192 6.024424448085328 2.830308993347849
 9.941693819204863 6.091139977187156 1.814091842765203
 10.31700408051067 6.031892463367594 0.6989058835130600
 10.42006235442889 5.885072994380486 -0.5725317188176583
 9.993019984987598 6.015665122932084 -1.801996740569078
 6.027308117058394 9.340834127359047 2.837833181333066
 6.006724845283374 9.320730919023857 -2.878099011328980
 6.076685635839775 9.950394425463800 -1.814400731074168
 6.006906024104243 10.33454797366224 -0.6804315677993975
 5.871116380287229 10.42620257151449 0.5854614216341817
 6.036294152652765 9.984215281094535 1.793907968466744
 9.382589848236869 4.895753449413422 -3.487348767761616
 9.255131372398729 3.804586670414879 -3.995030467556597
 9.157618766451339 2.769674263122720 -4.290572406665512
 8.640863347473623 2.051660426659919 4.632654262954671
 9.066295416165561 3.006776493393912 4.299756607531405
 9.307402913889637 4.000818851272654 3.898425712174201
 9.373972066633655 5.021817601673535 3.433845296030638
 5.004326169671883 9.322128055192319 3.490067448087635
 3.950734860262969 9.203951919608707 3.987920368235282
 2.916390886506565 9.016650940266501 4.343571553022312
 1.930505358140035 8.666732296501520 4.633447817868942
 2.765501467288071 9.160315345565538 -4.289749784671221
 3.808116726511625 9.250485575524140 -3.997251518415601
 4.931970627000032 9.354528359193608 -3.495578254438842
 10.11868994188582 5.037959123079506 -2.545576870601940
 10.09456021265859 5.118941550326375 2.520389624854579
 10.60167058395104 5.134178175007781 1.468657244578115
 10.86168381976220 5.071953603921759 0.3529008106817396
 0.9444610546443184 9.467498817799768 -4.321728195840358
 0.9939760507136093 10.32760134451706 -3.688792649120813
 1.035585591595310 11.09082550635494 -2.805015441041922
 1.058109919369998 11.63814410705451 -1.743571355084856
 1.064237896966143 11.91973893044260 -0.5721709895314150
 1.061253476666033 11.91249653462510 0.6337358985045876
 1.054697745268125 11.61683803188153 1.800371870286738
 1.040919230806692 11.05301371533505 2.859065108160379
 1.015888285565638 10.25646337829449 3.750473874937492
 0.9869123599665079 9.273839621722422 4.425920343635195
 0.9859479426844456 8.152748676131266 4.850844551693194
 1.022100713337202 6.969007165166087 4.999810240836884
 1.036399210515068 5.786517516513770 4.872623151919762
 1.033916154425602 4.648399942901576 4.471167353566656
 1.029764949720055 3.634867431750882 3.823375263108628
 1.030655071593341 2.793241182787816 2.969522109680624
 1.056756453798882 2.144965451296926 1.938691851072099
 1.059268551223014 1.767750658704639 0.7775168951797576
 1.167007055351303 1.668179081570557 -0.5977595167068036
 1.080996594545363 2.111640791105377 -1.893132387482218
 1.045886974158437 2.797021642998470 -2.981470532090122
 1.073381879462273 3.711871880955086 -3.894254267776972
 1.168345284129024 4.888389095158229 -4.593865470801051
 4.877273703342006 1.231358542261379 -4.595686094399844
 3.702441635142876 1.175132340128077 -3.910677043432633
 2.754210319722134 1.107525161024720 -2.957601616025886
 2.003380652202087 1.165830639806594 -1.754425746444635
 1.869372784429993 0.8130746170518519 -0.6196077109445420
 1.772981604617168 0.9677841984500888 0.4458547682341163
 1.984637750400180 1.192511817639597 1.747600241738023
 2.730639124933632 1.080252398299227 2.913483664996676
 3.600949095234196 1.069921623661197 3.805252250434622
 4.621453420430210 1.080304823580795 4.463144824998618
 5.752501606285211 1.088680923814489 4.867041204713964
 6.945557178909242 1.072752773393317 4.999922085080302
 8.137638678892188 1.038053883233013 4.852978056562652
 9.263402527359549 1.022196499359527 4.429369536418686
 10.25311395712858 1.031884775242377 3.752010409274789
 11.05659649687714 1.048240940743055 2.852949775262701
 11.62000064291412 1.060794404631645 1.790749882530597
 11.91379556855883 1.062655394561961 0.6225349646967004
 11.91915741598025 1.058168684544195 -0.5817898463461355
 11.63702049429785 1.048598954642621 -1.748874085299202
 11.08951182636599 1.028710459882572 -2.807883531180531
 10.32583493122006 0.9922309773160531 -3.690553463819319
 9.466091722092209 0.9459353135944646 -4.322457367900857
 8.603808458816093 1.774523831400884 -4.670560423446567
 8.161182925109374 3.343638356085142 -4.657162560539780
 7.363741846374733 4.554480636107598 -4.716957791457728
 6.663732770846984 5.839701578007254 -4.640986112307068
 5.571273335721330 6.657905785940645 -4.708808404919609
 4.478303729339855 7.366264014552290 -4.730034060940856
 3.322645590502468 8.166428084653957 -4.658364394711843
 1.769358125020693 8.605569156747466 -4.670299498698647
 2.107435801592043 11.81337950128997 3.402867600577748E-02
 2.111342231127815 11.67594122350296 -1.152755612608236
 2.098507710798582 11.66267745796431 1.215645771492521
 11.81408943889138 2.104008078247019 1.355138483465999E-02
 11.66514044284561 2.109539002504187 1.198027003726659
 11.67568036124306 2.092967976957141 -1.167481222249590
 2.089860683279813 11.26347677035655 -2.268611001623448
 2.089059592686867 11.23100245334379 2.330535454465715
 11.24081424863932 2.100064131022196 2.308263348585524
 11.26179323479292 2.072682380141198 -2.277969251560237
 3.109520454488059 11.54981578209787 0.6226679621222266
 3.128621518180125 11.55465590736911 -0.5402371108016276
 3.136941309742424 11.28163855175243 -1.679062459884077
 3.112421195418585 11.26012904376240 1.753696118534348
 11.55654865274294 3.104770167238320 -0.5791515814249978
 11.55104862848631 3.123665838930930 0.5825104998425016
 11.27047750972337 3.136019343698035 1.709602548315562
 11.28161229145124 3.097517160288445 -1.708297218876329
 3.089239638320073 10.75070597419502 -2.734861598895997
 2.028962128917871 10.60564463283471 -3.251975282070239
 2.058025639948805 10.55408858071636 3.303929793611516
 3.092782958105319 10.72089145130443 2.776750688423603
 10.73287552410989 3.115312122432572 2.749948311882562
 10.57037501103749 2.062224470184147 3.284761192312902
 10.60166016237695 2.022788239926605 -3.257889856188313
 10.74983393006286 3.065192315349513 -2.746239352060611
 4.066466166800969 11.14484258261232 1.160148729402218
 4.075992209879956 11.28603617481500 6.974547313629863E-02
 4.142232240581351 11.14667198813159 -1.036242565399261
 4.133772404669902 10.75281653664338 -2.137594566176647
 4.108171591538630 10.72773960888741 2.205177267164279
 11.15616948463818 4.060527660905449 -1.123446062044087
 11.28799358076653 4.071730953727743 -3.033115271279865E-02
 11.14080615582034 4.137514495938124 1.069398376229142
 10.74405826501861 4.137377923359924 2.152081109687894
 10.75555344674274 4.085055598525275 -2.168681615675712
 4.033764963362796 10.11204507899546 -3.145149308480457
 2.964446410232673 10.00909927469817 -3.629624199204757
 1.923433512525943 9.741148265823206 -4.052113536090935
 1.993195604122591 9.687822170884100 4.079659955841239
 3.035297371017200 9.939147556384384 3.673196277774579
 4.072787414990248 10.07029954685327 3.174814876346844
 10.11330976942440 4.089212559436383 3.117967445409543
 9.981964549941349 3.052666971479674 3.630151405203334
 9.688119185500513 2.030858969255209 4.074015560594442
 9.739134221803400 1.924252266131564 -4.053426562549138
 10.00668806627777 2.961156582214253 -3.632696756599137
 10.11914078111216 4.008813698477982 -3.148388851295261
 5.054603404410058 10.61937723463895 1.527500087105730
 4.869040497495131 10.92612696628711 0.6158210164094313
 5.067078551324801 10.86606946603908 -0.3247391854039310
 5.127357849901832 10.61214503060776 -1.447469707958647
 5.090295128374234 10.10083257162462 -2.532900134754835
 5.074386908175719 10.09152247447800 2.559045661831472
 10.63298726690785 5.045769901277899 -1.500747086069783
 10.93083506171150 4.869150002823359 -0.5797380635974252
 3.966435829712489E-16 6.477895231119795 -3.965779445495241
 6.477895231119795 0.000000000000000E+00 -3.965779445495240
 1.622567746058127 6.268863406969059 -3.984398682534891
 2.848585740934001 5.815666421443715 -3.981441531741219
 3.856054982764277 5.205051498712004 -3.966603467280311
 4.595371205223225 4.595920276315246 -3.803767213856552
 5.204668505473760 3.856588234132829 -3.966529638363085
 5.815996877232462 2.848159723346548 -3.980610607602745
 6.268346689801281 1.624309658067520 -3.984881036146162
 5.923768777589172E-16 9.674568091369521 -2.830141667798406
 6.492292605564507E-16 10.60306862740021 -1.710937508112931
 6.721108159015223E-16 10.97676512625719 -7.037586293710496E-02
 6.503532837321082E-16 10.62142592519063 1.395055504485355
 6.057557608024988E-16 9.893069048870222 2.721499941697733
 5.201874332748157E-16 8.495586057530225 3.678482442882438
 4.281501329147381E-16 6.992453233291636 3.882478961854908
 3.365318098158165E-16 5.496163052974469 3.676335129384461
 2.511545384969263E-16 4.101800349361164 2.714590287232302
 2.064983713626120E-16 3.372485708865815 1.385485045880489
 1.851097237788882E-16 3.023171049229056 -7.826117650095175E-02
 2.071323653972439E-16 3.382839959154538 -1.702460967026198
 2.564432765295653E-16 4.188174848662610 -2.782021932780117
 5.274296779108556E-16 8.613864794422854 -3.519423269984268
 4.325431908630481 0.000000000000000E+00 -2.830141667798406
 3.396931372599784 0.000000000000000E+00 -1.710937508112931
 3.023234873742805 0.000000000000000E+00 -7.037586293710583E-02
 3.378574074809372 0.000000000000000E+00 1.395055504485354
 4.106930951129778 0.000000000000000E+00 2.721499941697733
 5.504413942469775 0.000000000000000E+00 3.678482442882437
 7.007546766708365 0.000000000000000E+00 3.882478961854907
 8.503836947025530 0.000000000000000E+00 3.676335129384462
 9.898199650638835 0.000000000000000E+00 2.714590287232302
 10.62751429113419 0.000000000000000E+00 1.385485045880489
 10.97682895077094 0.000000000000000E+00 -7.826117650095125E-02
 10.61716004084546 0.000000000000000E+00 -1.702460967026197
 9.811825151337390 0.000000000000000E+00 -2.782021932780118
 5.386135205577147 0.000000000000000E+00 -3.519423269984268
 0.7656903266906738 7.454826354980469 3.850676536560059
 1.514969944953918 7.907346248626709 3.819213628768921
 0.8051204681396484 6.144441604614258 3.852013349533081
 1.593821048736572 6.775464057922363 3.992453098297119
 8.567287445068359 5.605515956878662 2.152464866638184
 8.831418991088867 6.051432609558105 1.436201691627502
 9.471938133239746 5.107161521911621 1.294425129890442
 8.992616653442383 4.235527038574219 2.681116580963135
 8.300047874450684 5.155326843261719 2.876496553421020
 8.145453453063965 6.425489425659180 2.067398786544800
 7.776057243347168 5.980738639831543 2.814347743988037
 5.147169589996338 9.172071456909180 -2.665997266769409
 5.222913265228271 8.279072761535645 -2.798451662063599
 4.170659065246582 8.406477928161621 -3.159301996231079
 4.178816318511963 9.421831130981445 -2.150552034378052
 5.459078311920166 7.564363479614258 -3.200864076614380
 6.216903209686279 8.301990509033203 -2.063155412673950
 5.359251976013184 8.991840362548828 -1.847188830375671
 1.336292624473572 8.310147285461426 -3.594342708587646
 10.41349029541016 3.182495832443237 -0.7669677734375000
 10.71685314178467 2.340381622314453 -0.5331335067749023
 10.48962211608887 3.267173290252686 0.1287495791912079
 10.50205230712891 2.115481138229370 -1.353107094764709
 10.11711883544922 4.005188465118408 -0.9953640103340149
 10.12449932098389 2.950992107391357 -1.738817214965820
 0.8177398443222046 9.919408798217773 -2.510625600814819
 1.068665027618408 9.266847610473633 -3.231161594390869
 1.645482063293457 10.16683769226074 -2.187064170837402
 1.513027787208557 10.64693641662598 -1.232694149017334
 5.823424816131592 0.8053101301193237 -3.750102758407593
 0.6091048717498779 7.979615211486816 -3.277148485183716
 0.7722936272621155 10.80852317810059 -0.6636456251144409
 1.476515412330627 10.86445617675781 0.3299558162689209
 10.26200294494629 1.060896396636963 -2.265915393829346
 0.7404424548149109 10.23481273651123 2.100026845932007
 1.467581629753113 10.57080459594727 1.489027976989746
 1.705300211906433 9.936887741088867 2.590224266052246
 1.068665027618408 9.260244369506836 3.225305795669556
 2.634422302246094 9.652558326721191 2.561092138290405
 2.599463701248169 10.49039936065674 1.233053326606750
 1.606242418289185 5.666067600250244 3.822072267532349
 8.143899917602539 2.362522125244141 -3.546177387237549
 2.457672119140625 4.434646606445312 3.555685997009277
 1.479043245315552 4.615094184875488 3.294631242752075
 3.470321655273437 4.256890296936035 3.725990772247314
 2.962256431579590 2.976628303527832 2.906794071197510
 2.381943464279175 3.375156641006470 -2.657840251922607
 1.095854997634888 4.162890434265137 -2.991112232208252
 3.076066255569458 5.179797649383545 3.866602182388306
 1.764920234680176 3.667617797851562 2.865061998367310
 3.229558706283569 7.002561569213867 3.941134929656982
 4.447738170623779 6.763644218444824 3.796819925308228
 4.036651134490967 7.831214427947998 3.551197767257690
 3.709973335266113 6.061263084411621 3.944738626480103
 2.618496894836426 6.127953052520752 3.983907699584961
 2.582372903823853 7.588057518005371 4.183948516845703
 2.372232913970947 7.092033863067627 3.598197698593140
 3.006925821304321 8.112048149108887 3.620337963104248
 6.404902935028076 0.8558058738708496 3.885635137557983
 7.334802150726318 0.9187313914299011 3.950502634048462
 7.104852199554443 1.770556211471558 3.972643136978149
 7.291821479797363 4.563320159912109 -3.648668050765991
 7.676619529724121 3.624139547348022 -3.510830402374268
 8.406477928161621 4.428187847137451 -3.049765110015869
 7.051637172698975 5.520838260650635 -3.507334470748901
 5.169698715209961 6.637571811676025 -3.583466529846191
 2.886124372482300 8.470568656921387 -3.504615545272827
 9.071468353271484 1.069441795349121 3.381065845489502
 8.185072898864746 1.412036299705505 3.772213935852051
 8.789189338684082 2.013966083526611 3.445655822753906
 9.704607963562012 2.221133947372437 2.713744640350342
 9.984664916992187 1.082648396492004 2.575464010238647
 3.038388490676880 1.250838160514832 0.9918388724327087
 3.423321723937988 1.022830367088318 1.982332825660706
 2.658893346786499 1.475738644599915 1.455144491046667E-02
 2.141505956649780 2.296100616455078 1.004268646240234
 3.013917446136475 2.006332635879517 2.197134017944336
 4.045196533203125 7.399669647216797 -3.565598964691162
 5.151053905487061 8.527278900146484 2.660141468048096
 3.372825860977173 9.762483596801758 -2.095395088195801
 3.340974807739258 9.194988250732422 -2.855162143707275
 2.562562942504883 10.10468959808350 -2.039849758148193
 3.072958707809448 3.540627241134644 -3.202417850494385
 2.203654527664185 4.137642860412598 -3.202417850494385
 1.692481994628906 3.210074186325073 -2.114428043365479
 5.802837848663330 1.710738182067871 3.888742446899414
 3.146371841430664 2.620050430297852 -2.653955936431885
 2.498860597610474 2.480604410171509 -1.824659943580627
 4.409543037414551 9.925234794616699 -0.4876872897148132
 3.430211067199707 10.46455192565918 -0.1639620363712311
 4.290261745452881 10.38099479675293 0.6454087495803833
 3.741338968276978 9.994387626647949 0.4778152704238892
 3.956246376037598 9.988161087036133 -1.222983479499817
 5.156880378723145 9.535640716552734 -0.9328269362449646
 4.775631427764893 9.810973167419434 0.2309640645980835
 2.261142015457153 2.634810924530029 -0.5517780780792236
 2.416513681411743 1.839696645736694 -0.7452157139778137
 1.606250762939453 2.784355878829956 -1.108396887779236
 0.8111365437507629 2.902438402175903 -0.5983895659446716
 1.593821048736572 2.613835573196411 0.1971130818128586
 1.160722613334656 2.900884628295898 0.9704752564430237
 7.186810493469238 5.256706714630127 3.549643993377686
 6.878786563873291 3.940320730209351 3.862717866897583
 5.897614479064941 4.886533737182617 3.906610250473022
 6.350522994995117 5.711168766021729 3.617230653762817
 6.968901634216309 6.857034206390381 2.812405824661255
 5.804780006408691 3.868461370468140 3.921370506286621
 4.421584129333496 4.590939521789551 3.992453098297119
 5.713499069213867 2.865149259567261 3.935742378234863
 4.372253894805908 3.593065261840820 3.825817108154297
 4.681055068969727 0.8903760910034180 -3.215624332427979
 5.044236183166504 1.799688458442688 -3.609102964401245
 7.936478614807129 7.065620899200439 1.398912429809570
 7.727503776550293 7.705751895904541 0.7304261326789856
 8.589039802551270 6.760704040527344 0.5338810682296753
 7.375975608825684 7.270322799682617 2.090316057205200
 10.75375461578369 1.291623234748840 -1.127429842948914
 9.671590805053711 2.550910234451294 -2.588699817657471
 9.410566329956055 1.483895659446716 -3.114244461059570
 4.857401847839355 5.805945396423340 3.937684535980225
 3.198032855987549 4.510146141052246 -3.697664737701416
 5.087351799011230 7.553487777709961 3.376793146133423
 6.613877773284912 7.450553894042969 -2.519948005676270
 7.013959407806396 6.593290805816650 -2.980236291885376
 7.038042068481445 7.929486751556396 -1.707354426383972
 6.014143466949463 6.140771389007568 -3.631631851196289
 8.535976409912109 1.230982065200806 -3.594677209854126
 3.774849891662598 0.8445414304733276 -2.468286991119385
 4.129485607147217 2.253373622894287 -3.212128400802612
 9.664599418640137 3.290478944778442 2.341629743576050
 8.904860496520996 3.156238794326782 3.520649909973145
 10.27676391601562 2.496141672134399 1.758209347724915
 8.759595870971680 3.306840181350708 2.713873624801636
 3.219784975051880 1.695977807044983 -2.103552103042603
 4.314766407012939 3.375545024871826 -3.697664737701416
 2.054886341094971 8.631378173828125 3.496040821075439
 1.773663640022278 5.039186477661133 -3.611045122146606
 8.951055526733398 3.129669427871704 -3.126674175262451
 9.730243682861328 4.910228252410889 -0.7191909551620483
 10.15635013580322 4.219601154327393 -0.1913159340620041
 9.560888290405273 4.153956890106201 -2.013048171997070
 9.335211753845215 5.743020057678223 -0.2278282642364502
 8.925806999206543 5.961705207824707 -1.357379913330078
 8.606130599975586 6.729629516601562 -0.4744806885719299
 2.212588548660278 9.248980522155762 -3.108806371688843
 5.989672183990479 6.650001525878906 3.467297077178955
 6.076680183410645 7.714685440063477 2.784050464630127
 3.779122829437256 1.597316861152649 2.673736572265625
 10.79570484161377 1.429515600204468 0.6449717283248901
 10.66713428497314 2.281728744506836 0.7416905760765076
 10.22976398468018 3.519652128219604 1.136722922325134
 8.234015464782715 5.934903621673584 -2.425559759140015
 3.633880615234375 10.09113502502441 1.346465468406677
 4.164444446563721 9.600120544433594 1.977283358573914
 3.135884284973145 9.052434921264648 3.051289558410645
 5.949664115905762 9.191493034362793 0.4251209199428558
 6.832174777984619 8.494650840759277 -0.6655877828598022
 6.887720108032227 8.464741706848145 0.4783357083797455
 6.059589385986328 8.813940048217773 1.475044608116150
 5.111045837402344 9.254030227661133 1.725581288337708
 2.934289693832397 0.9738883376121521 -0.8423230051994324
 7.445892810821533 7.116116523742676 -2.250766515731812
 7.792759895324707 7.640495777130127 -0.7518190145492554
 6.127953052520752 8.932799339294434 -1.054405212402344
 8.178469657897949 6.731183528900146 -1.715899825096130
 9.002716064453125 5.099004745483398 -2.125692367553711
 2.380389690399170 10.70986175537109 -0.1812167763710022
 2.893504619598389 10.44534206390381 -1.034595370292664
 10.91241073608398 0.9208328723907471 -0.2179589867591858
 0.6556701064109802 5.254506111145020 -3.570676565170288
 4.085204601287842 8.827922821044922 2.876108169555664
 3.914295911788940 2.559844017028809 3.236570119857788
 1.145185470581055 3.409726619720459 2.079440116882324
 9.804821968078613 4.104626178741455 1.658771514892578
 6.597952365875244 8.078643798828125 1.965630412101746
 4.606088161468506 1.100127696990967 3.261041164398193
 4.898575305938721 2.228513956069946 3.612569570541382
 7.452107429504395 2.825917959213257 3.856114387512207
 8.090296745300293 4.127155303955078 3.438941717147827
 9.869301795959473 4.572683334350586 0.7603351473808289
